#
# 3-day product summary time series for ibp
#
# Site: ibp
# Veg Type: SH
# ROI ID Number: 0001
# Lat: 32.589
# Lon: -106.847
# Elev: 1325
# UTC Offset: -7
# Image Count Threshold: 1
# Days to Aggregate: 3
# Sun Elevation Min: 5.0
# Time of Day Min: 00:00:00
# Time of Day Max: 23:59:59
# ROI Brightness Min: 100
# ROI Brightness Max: 665
# Creation Date: 2016-01-25
# Creation Time: 14:39:06
# Update Date: 2016-01-25
# Update Time: 14:39:07
#
date,year,doy,image_count,midday_filename,midday_r,midday_g,midday_b,midday_gcc,midday_rcc,r_mean,r_std,g_mean,g_std,b_mean,b_std,gcc_mean,gcc_std,gcc_50,gcc_75,gcc_90,rcc_mean,rcc_std,rcc_50,rcc_75,rcc_90,max_solar_elev,snow_flag,outlierflag_gcc_mean,outlierflag_gcc_50,outlierflag_gcc_75,outlierflag_gcc_90,smooth_gcc_mean,smooth_gcc_50,smooth_gcc_75,smooth_gcc_90,smooth_rcc_mean,smooth_rcc_50,smooth_rcc_75,smooth_rcc_90,smooth_ci_gcc_mean,smooth_ci_gcc_50,smooth_ci_gcc_75,smooth_ci_gcc_90,smooth_ci_rcc_mean,smooth_ci_rcc_50,smooth_ci_rcc_75,smooth_ci_rcc_90,int_flag
2013-05-23,2013,143,43,ibp_2013_05_23_120105.jpg,98.743,79.60869,37.93379,0.36807,0.45654,114.50749,14.01241,95.99295,13.89577,50.03692,9.68633,0.36836,0.0013,0.36851,0.36888,0.36924,0.44085,0.01203,0.44228,0.45139,0.45523,78.25863,-9999,0,0,0,0,0.36836,0.36851,NA,NA,0.44085,NA,NA,NA,0,0,NA,NA,0,NA,NA,NA,NA
2013-05-24,2013,144,NA,NA,NA,NA,NA,NA,NA,NA,NA,NA,NA,NA,NA,NA,NA,NA,NA,NA,NA,NA,NA,NA,NA,NA,NA,0,0,0,0,0.36827,0.36831,NA,NA,0.4399,NA,NA,NA,0,0,NA,NA,0,NA,NA,NA,NA
2013-05-25,2013,145,NA,NA,NA,NA,NA,NA,NA,NA,NA,NA,NA,NA,NA,NA,NA,NA,NA,NA,NA,NA,NA,NA,NA,NA,NA,0,0,0,0,0.36816,0.36805,NA,NA,0.43864,NA,NA,NA,0,0,NA,NA,0,NA,NA,NA,NA
2013-05-26,2013,146,47,ibp_2013_05_26_120923.jpg,98.64921,80.04755,38.57227,0.36843,0.45404,117.40292,13.62433,98.97339,13.64007,52.44887,9.74249,0.3681,0.00112,0.36792,0.36858,0.36963,0.43801,0.01187,0.44005,0.44729,0.45115,78.80207,-9999,0,0,0,0,0.3681,0.36792,NA,NA,0.43801,NA,NA,NA,0,0,NA,NA,0,NA,NA,NA,NA
2013-05-27,2013,147,NA,NA,NA,NA,NA,NA,NA,NA,NA,NA,NA,NA,NA,NA,NA,NA,NA,NA,NA,NA,NA,NA,NA,NA,NA,0,0,0,0,0.36794,0.3678,NA,NA,0.43777,NA,NA,NA,0,0,NA,NA,0,NA,NA,NA,NA
2013-05-28,2013,148,NA,NA,NA,NA,NA,NA,NA,NA,NA,NA,NA,NA,NA,NA,NA,NA,NA,NA,NA,NA,NA,NA,NA,NA,NA,0,0,0,0,0.36764,0.36757,NA,NA,0.43731,NA,NA,NA,0,0,NA,NA,0,NA,NA,NA,NA
2013-05-29,2013,149,48,ibp_2013_05_29_120105.jpg,103.22549,84.4466,43.08713,0.36595,0.44733,113.4573,12.60016,95.75525,13.29283,51.28563,9.92791,0.36748,0.00116,0.36745,0.36801,0.36832,0.43707,0.01296,0.44139,0.4477,0.44979,79.25366,-9999,0,0,0,0,0.36748,0.36745,NA,NA,0.43707,NA,NA,NA,0,0,NA,NA,0,NA,NA,NA,NA
2013-05-30,2013,150,NA,NA,NA,NA,NA,NA,NA,NA,NA,NA,NA,NA,NA,NA,NA,NA,NA,NA,NA,NA,NA,NA,NA,NA,NA,0,0,0,0,0.368,0.36794,NA,NA,0.4373,NA,NA,NA,0,0,NA,NA,0,NA,NA,NA,NA
2013-05-31,2013,151,NA,NA,NA,NA,NA,NA,NA,NA,NA,NA,NA,NA,NA,NA,NA,NA,NA,NA,NA,NA,NA,NA,NA,NA,NA,0,0,0,0,0.36896,0.36886,NA,NA,0.43773,NA,NA,NA,0,0,NA,NA,0,NA,NA,NA,NA
2013-06-01,2013,152,51,ibp_2013_06_01_120104.jpg,105.33774,86.77942,42.96296,0.36915,0.44809,115.76567,14.50553,98.03809,14.57057,51.47668,10.69799,0.36948,0.00135,0.36935,0.37015,0.37077,0.43796,0.01566,0.44229,0.44984,0.45264,79.64768,-9999,0,0,0,0,0.36948,0.36935,NA,NA,0.43796,NA,NA,NA,0,0,NA,NA,0,NA,NA,NA,NA
2013-06-02,2013,153,NA,NA,NA,NA,NA,NA,NA,NA,NA,NA,NA,NA,NA,NA,NA,NA,NA,NA,NA,NA,NA,NA,NA,NA,NA,0,0,0,0,0.36911,0.36894,NA,NA,0.43778,NA,NA,NA,0,0,NA,NA,0,NA,NA,NA,NA
2013-06-03,2013,154,NA,NA,NA,NA,NA,NA,NA,NA,NA,NA,NA,NA,NA,NA,NA,NA,NA,NA,NA,NA,NA,NA,NA,NA,NA,0,0,0,0,0.36843,0.36818,NA,NA,0.43743,NA,NA,NA,0,0,NA,NA,0,NA,NA,NA,NA
2013-06-04,2013,155,49,ibp_2013_06_04_113105.jpg,105.20523,86.20351,43.69193,0.36667,0.44749,118.80142,14.21112,100.38603,14.71084,53.4696,10.4561,0.36806,0.00136,0.36777,0.3685,0.37006,0.43725,0.01128,0.43969,0.44735,0.45009,79.97708,-9999,0,0,0,0,0.36806,0.36777,NA,NA,0.43725,NA,NA,NA,0,0,NA,NA,0,NA,NA,NA,NA
2013-06-05,2013,156,NA,NA,NA,NA,NA,NA,NA,NA,NA,NA,NA,NA,NA,NA,NA,NA,NA,NA,NA,NA,NA,NA,NA,NA,NA,0,0,0,0,0.36796,0.36773,NA,NA,0.43849,NA,NA,NA,0,0,NA,NA,0,NA,NA,NA,NA
2013-06-06,2013,157,NA,NA,NA,NA,NA,NA,NA,NA,NA,NA,NA,NA,NA,NA,NA,NA,NA,NA,NA,NA,NA,NA,NA,NA,NA,0,0,0,0,0.36776,0.36766,NA,NA,0.44079,NA,NA,NA,0,0,NA,NA,0,NA,NA,NA,NA
2013-06-07,2013,158,55,ibp_2013_06_07_120105.jpg,100.43399,81.49525,39.90788,0.36737,0.45274,114.56023,9.49557,95.57458,10.32668,49.81336,9.16028,0.36766,0.00189,0.36762,0.36873,0.36961,0.44203,0.01618,0.44719,0.45296,0.45738,80.24655,-9999,0,0,0,0,0.36766,0.36762,NA,NA,0.44203,NA,NA,NA,0,0,NA,NA,0,NA,NA,NA,NA
2013-06-08,2013,159,NA,NA,NA,NA,NA,NA,NA,NA,NA,NA,NA,NA,NA,NA,NA,NA,NA,NA,NA,NA,NA,NA,NA,NA,NA,0,0,0,0,0.36801,0.36802,NA,NA,0.44346,NA,NA,NA,0,0,NA,NA,0,NA,NA,NA,NA
2013-06-09,2013,160,NA,NA,NA,NA,NA,NA,NA,NA,NA,NA,NA,NA,NA,NA,NA,NA,NA,NA,NA,NA,NA,NA,NA,NA,NA,0,0,0,0,0.36867,0.36875,NA,NA,0.44613,NA,NA,NA,0,0,NA,NA,0,NA,NA,NA,NA
2013-06-10,2013,161,59,ibp_2013_06_10_120106.jpg,107.03835,87.21509,41.42949,0.37005,0.45416,119.51792,13.42466,98.62411,11.70172,49.1647,7.08647,0.36902,0.00197,0.36915,0.37016,0.37107,0.44756,0.00621,0.44895,0.45262,0.45458,80.45123,-9999,0,0,0,0,0.36902,0.36915,NA,NA,0.44756,NA,NA,NA,0,0,NA,NA,0,NA,NA,NA,NA
2013-06-11,2013,162,NA,NA,NA,NA,NA,NA,NA,NA,NA,NA,NA,NA,NA,NA,NA,NA,NA,NA,NA,NA,NA,NA,NA,NA,NA,0,0,0,0,0.36929,0.3693,NA,NA,0.4454,NA,NA,NA,0,0,NA,NA,0,NA,NA,NA,NA
2013-06-12,2013,163,NA,NA,NA,NA,NA,NA,NA,NA,NA,NA,NA,NA,NA,NA,NA,NA,NA,NA,NA,NA,NA,NA,NA,NA,NA,0,0,0,0,0.36981,0.36956,NA,NA,0.4414,NA,NA,NA,0,0,NA,NA,0,NA,NA,NA,NA
2013-06-13,2013,164,58,ibp_2013_06_13_120106.jpg,108.28384,88.38652,43.15976,0.36854,0.4515,115.52543,10.40193,97.70001,10.81313,50.73971,10.81569,0.37008,0.00208,0.36971,0.37146,0.37243,0.43924,0.02442,0.44776,0.45191,0.45562,80.55242,-9999,0,0,0,0,0.37008,0.36971,NA,NA,0.43924,NA,NA,NA,0,0,NA,NA,0,NA,NA,NA,NA
2013-06-14,2013,165,NA,NA,NA,NA,NA,NA,NA,NA,NA,NA,NA,NA,NA,NA,NA,NA,NA,NA,NA,NA,NA,NA,NA,NA,NA,0,0,0,0,0.36955,0.36925,NA,NA,0.43867,NA,NA,NA,0,0,NA,NA,0,NA,NA,NA,NA
2013-06-15,2013,166,NA,NA,NA,NA,NA,NA,NA,NA,NA,NA,NA,NA,NA,NA,NA,NA,NA,NA,NA,NA,NA,NA,NA,NA,NA,0,0,0,0,0.36856,0.36838,NA,NA,0.43761,NA,NA,NA,0,0,NA,NA,0,NA,NA,NA,NA
2013-06-16,2013,167,65,ibp_2013_06_16_120104.jpg,113.06703,92.47598,46.20818,0.36733,0.44912,117.61541,9.90109,99.26331,9.71197,52.83109,8.70195,0.36803,0.00168,0.36792,0.36915,0.37042,0.43704,0.018,0.44252,0.45193,0.45461,80.66933,-9999,0,0,0,0,0.36803,0.36792,NA,NA,0.43704,NA,NA,NA,0,0,NA,NA,0,NA,NA,NA,NA
2013-06-17,2013,168,NA,NA,NA,NA,NA,NA,NA,NA,NA,NA,NA,NA,NA,NA,NA,NA,NA,NA,NA,NA,NA,NA,NA,NA,NA,0,0,0,0,0.36761,0.36755,NA,NA,0.44004,NA,NA,NA,0,0,NA,NA,0,NA,NA,NA,NA
2013-06-18,2013,169,NA,NA,NA,NA,NA,NA,NA,NA,NA,NA,NA,NA,NA,NA,NA,NA,NA,NA,NA,NA,NA,NA,NA,NA,NA,0,0,0,0,0.36682,0.36685,NA,NA,0.44561,NA,NA,NA,0,0,NA,NA,0,NA,NA,NA,NA
2013-06-19,2013,170,68,ibp_2013_06_19_120107.jpg,111.35096,89.29186,44.27574,0.36458,0.45464,118.90874,12.16513,97.2377,10.96643,49.24478,7.07569,0.3664,0.00273,0.36648,0.36772,0.36975,0.44861,0.00849,0.45062,0.45488,0.45869,80.68591,-9999,0,0,0,0,0.3664,0.36648,NA,NA,0.44861,NA,NA,NA,0,0,NA,NA,0,NA,NA,NA,NA
2013-06-20,2013,171,NA,NA,NA,NA,NA,NA,NA,NA,NA,NA,NA,NA,NA,NA,NA,NA,NA,NA,NA,NA,NA,NA,NA,NA,NA,0,0,0,0,0.36562,0.36563,NA,NA,0.44694,NA,NA,NA,0,0,NA,NA,0,NA,NA,NA,NA
2013-06-21,2013,172,NA,NA,NA,NA,NA,NA,NA,NA,NA,NA,NA,NA,NA,NA,NA,NA,NA,NA,NA,NA,NA,NA,NA,NA,NA,0,0,0,0,0.36419,0.36404,NA,NA,0.44382,NA,NA,NA,0,0,NA,NA,0,NA,NA,NA,NA
2013-06-22,2013,173,67,ibp_2013_06_22_120107.jpg,115.22864,92.69594,47.57734,0.3628,0.45099,119.50276,9.9071,98.40165,9.45919,52.89407,8.18706,0.36341,0.00217,0.36319,0.36474,0.36682,0.44215,0.015,0.44685,0.4534,0.45555,80.68007,-9999,0,0,0,0,0.36341,0.36319,NA,NA,0.44215,NA,NA,NA,0,0,NA,NA,0,NA,NA,NA,NA
2013-06-23,2013,174,NA,NA,NA,NA,NA,NA,NA,NA,NA,NA,NA,NA,NA,NA,NA,NA,NA,NA,NA,NA,NA,NA,NA,NA,NA,0,0,0,0,0.36324,0.36294,NA,NA,0.44309,NA,NA,NA,0,0,NA,NA,0,NA,NA,NA,NA
2013-06-24,2013,175,NA,NA,NA,NA,NA,NA,NA,NA,NA,NA,NA,NA,NA,NA,NA,NA,NA,NA,NA,NA,NA,NA,NA,NA,NA,0,0,0,0,0.36293,0.36248,NA,NA,0.44485,NA,NA,NA,0,0,NA,NA,0,NA,NA,NA,NA
2013-06-25,2013,176,60,ibp_2013_06_25_113105.jpg,108.85583,85.93514,43.07178,0.36128,0.45764,119.8458,9.44431,97.67293,9.15354,51.70361,6.78552,0.36276,0.00182,0.36223,0.36322,0.36521,0.44579,0.01018,0.44793,0.45315,0.45764,80.60357,-9999,0,0,0,0,0.36276,0.36223,NA,NA,0.44579,NA,NA,NA,0,0,NA,NA,0,NA,NA,NA,NA
2013-06-26,2013,177,NA,NA,NA,NA,NA,NA,NA,NA,NA,NA,NA,NA,NA,NA,NA,NA,NA,NA,NA,NA,NA,NA,NA,NA,NA,0,0,0,0,0.36262,0.36222,NA,NA,0.44653,NA,NA,NA,0,0,NA,NA,0,NA,NA,NA,NA
2013-06-27,2013,178,NA,NA,NA,NA,NA,NA,NA,NA,NA,NA,NA,NA,NA,NA,NA,NA,NA,NA,NA,NA,NA,NA,NA,NA,NA,0,0,0,0,0.36237,0.36221,NA,NA,0.4479,NA,NA,NA,0,0,NA,NA,0,NA,NA,NA,NA
2013-06-28,2013,179,45,ibp_2013_06_28_120106.jpg,118.38128,97.73077,53.71673,0.3622,0.43873,118.60772,7.20422,95.84266,6.77178,50.16198,5.60083,0.36223,0.00153,0.3622,0.36311,0.36389,0.44864,0.00915,0.45212,0.45526,0.45728,80.47039,-9999,0,0,0,0,0.36223,0.3622,NA,NA,0.44864,NA,NA,NA,0,0,NA,NA,0,NA,NA,NA,NA
2013-06-29,2013,180,NA,NA,NA,NA,NA,NA,NA,NA,NA,NA,NA,NA,NA,NA,NA,NA,NA,NA,NA,NA,NA,NA,NA,NA,NA,0,0,0,0,0.36279,0.36248,NA,NA,0.4498,NA,NA,NA,0,0,NA,NA,0,NA,NA,NA,NA
2013-06-30,2013,181,NA,NA,NA,NA,NA,NA,NA,NA,NA,NA,NA,NA,NA,NA,NA,NA,NA,NA,NA,NA,NA,NA,NA,NA,NA,0,0,0,0,0.36384,0.363,NA,NA,0.45196,NA,NA,NA,0,0,NA,NA,0,NA,NA,NA,NA
2013-07-01,2013,182,47,ibp_2013_07_01_113105.jpg,114.33471,90.95985,46.61127,0.36109,0.45388,109.59362,15.91633,88.22857,13.11465,44.66221,9.64336,0.3644,0.00468,0.36328,0.36525,0.37185,0.45312,0.01377,0.45465,0.4605,0.46937,80.27957,-9999,0,0,0,0,0.3644,0.36328,NA,NA,0.45312,NA,NA,NA,0,0,NA,NA,0,NA,NA,NA,NA
2013-07-02,2013,183,NA,NA,NA,NA,NA,NA,NA,NA,NA,NA,NA,NA,NA,NA,NA,NA,NA,NA,NA,NA,NA,NA,NA,NA,NA,0,0,0,0,0.36728,0.36636,NA,NA,0.45436,NA,NA,NA,0,0,NA,NA,0,NA,NA,NA,NA
2013-07-03,2013,184,NA,NA,NA,NA,NA,NA,NA,NA,NA,NA,NA,NA,NA,NA,NA,NA,NA,NA,NA,NA,NA,NA,NA,NA,NA,0,0,0,0,0.37264,0.37207,NA,NA,0.45668,NA,NA,NA,0,0,NA,NA,0,NA,NA,NA,NA
2013-07-04,2013,185,43,ibp_2013_07_04_120105.jpg,77.60972,61.08086,23.2232,0.37724,0.47933,85.88378,6.16927,70.59331,6.53481,31.54753,5.8507,0.37552,0.00232,0.37515,0.37721,0.37799,0.45792,0.01603,0.45959,0.46652,0.47514,80.02965,-9999,0,0,0,0,0.37552,0.37515,NA,NA,0.45792,NA,NA,NA,0,0,NA,NA,0,NA,NA,NA,NA
2013-07-05,2013,186,NA,NA,NA,NA,NA,NA,NA,NA,NA,NA,NA,NA,NA,NA,NA,NA,NA,NA,NA,NA,NA,NA,NA,NA,NA,0,0,0,0,0.37518,0.37499,NA,NA,0.45759,NA,NA,NA,0,0,NA,NA,0,NA,NA,NA,NA
2013-07-06,2013,187,NA,NA,NA,NA,NA,NA,NA,NA,NA,NA,NA,NA,NA,NA,NA,NA,NA,NA,NA,NA,NA,NA,NA,NA,NA,0,0,0,0,0.37454,0.37468,NA,NA,0.45696,NA,NA,NA,0,0,NA,NA,0,NA,NA,NA,NA
2013-07-07,2013,188,46,ibp_2013_07_07_120106.jpg,75.41709,59.15993,22.86287,0.37576,0.47902,86.67908,6.75371,71.20226,7.02546,32.52961,6.88269,0.3742,0.00352,0.37452,0.37622,0.37833,0.45663,0.01595,0.45817,0.46757,0.47361,79.72335,-9999,0,0,0,0,0.3742,0.37452,NA,NA,0.45663,NA,NA,NA,0,0,NA,NA,0,NA,NA,NA,NA
2013-07-08,2013,189,NA,NA,NA,NA,NA,NA,NA,NA,NA,NA,NA,NA,NA,NA,NA,NA,NA,NA,NA,NA,NA,NA,NA,NA,NA,0,0,0,0,0.37336,0.37339,NA,NA,0.45577,NA,NA,NA,0,0,NA,NA,0,NA,NA,NA,NA
2013-07-09,2013,190,NA,NA,NA,NA,NA,NA,NA,NA,NA,NA,NA,NA,NA,NA,NA,NA,NA,NA,NA,NA,NA,NA,NA,NA,NA,0,0,0,0,0.3718,0.3713,NA,NA,0.45418,NA,NA,NA,0,0,NA,NA,0,NA,NA,NA,NA
2013-07-10,2013,191,43,ibp_2013_07_10_120106.jpg,76.00049,57.8947,22.47467,0.37024,0.48603,88.90742,7.91902,72.95619,7.99066,34.89471,6.85374,0.37096,0.00308,0.37017,0.37323,0.3755,0.45332,0.01567,0.4521,0.46429,0.47537,79.36262,-9999,0,0,0,0,0.37096,0.37017,NA,NA,0.45332,NA,NA,NA,0,0,NA,NA,0,NA,NA,NA,NA
2013-07-11,2013,192,NA,NA,NA,NA,NA,NA,NA,NA,NA,NA,NA,NA,NA,NA,NA,NA,NA,NA,NA,NA,NA,NA,NA,NA,NA,0,0,0,0,0.37063,0.37001,NA,NA,0.45239,NA,NA,NA,0,0,NA,NA,0,NA,NA,NA,NA
2013-07-12,2013,193,NA,NA,NA,NA,NA,NA,NA,NA,NA,NA,NA,NA,NA,NA,NA,NA,NA,NA,NA,NA,NA,NA,NA,NA,NA,0,0,0,0,0.37002,0.36971,NA,NA,0.45067,NA,NA,NA,0,0,NA,NA,0,NA,NA,NA,NA
2013-07-13,2013,194,48,ibp_2013_07_13_120106.jpg,78.7906,60.63656,24.60505,0.36966,0.48034,89.52988,9.46724,73.86444,9.38655,36.53211,8.58849,0.36969,0.00278,0.36955,0.37169,0.37329,0.44974,0.02064,0.45608,0.46506,0.47054,78.80026,-9999,0,0,0,0,0.36969,0.36955,NA,NA,0.44974,NA,NA,NA,0,0,NA,NA,0,NA,NA,NA,NA
2013-07-14,2013,195,NA,NA,NA,NA,NA,NA,NA,NA,NA,NA,NA,NA,NA,NA,NA,NA,NA,NA,NA,NA,NA,NA,NA,NA,NA,0,0,0,0,0.36854,0.36838,NA,NA,0.44945,NA,NA,NA,0,0,NA,NA,0,NA,NA,NA,NA
2013-07-15,2013,196,NA,NA,NA,NA,NA,NA,NA,NA,NA,NA,NA,NA,NA,NA,NA,NA,NA,NA,NA,NA,NA,NA,NA,NA,NA,0,0,0,0,0.36642,0.36619,NA,NA,0.44892,NA,NA,NA,0,0,NA,NA,0,NA,NA,NA,NA
2013-07-16,2013,197,44,ibp_2013_07_16_120106.jpg,93.1037,74.656,36.8582,0.36486,0.45501,91.50288,5.2893,74.56902,5.07163,38.12793,4.73446,0.36527,0.00252,0.36502,0.36695,0.36839,0.44863,0.01099,0.44847,0.45782,0.46276,78.4854,-9999,0,0,0,0,0.36527,0.36502,NA,NA,0.44863,NA,NA,NA,0,0,NA,NA,0,NA,NA,NA,NA
2013-07-17,2013,198,NA,NA,NA,NA,NA,NA,NA,NA,NA,NA,NA,NA,NA,NA,NA,NA,NA,NA,NA,NA,NA,NA,NA,NA,NA,0,0,0,0,0.36571,0.36548,NA,NA,0.44659,NA,NA,NA,0,0,NA,NA,0,NA,NA,NA,NA
2013-07-18,2013,199,NA,NA,NA,NA,NA,NA,NA,NA,NA,NA,NA,NA,NA,NA,NA,NA,NA,NA,NA,NA,NA,NA,NA,NA,NA,0,0,0,0,0.36654,0.36633,NA,NA,0.4428,NA,NA,NA,0,0,NA,NA,0,NA,NA,NA,NA
2013-07-19,2013,200,42,ibp_2013_07_19_120105.jpg,91.70593,73.66128,36.59245,0.36473,0.45408,94.17851,9.67342,78.62982,9.25687,41.50348,7.42459,0.36698,0.0026,0.36679,0.36801,0.37132,0.44076,0.01593,0.43912,0.44955,0.45623,78.08618,-9999,0,0,0,0,0.36698,0.36679,NA,NA,0.44076,NA,NA,NA,0,0,NA,NA,0,NA,NA,NA,NA
2013-07-20,2013,201,NA,NA,NA,NA,NA,NA,NA,NA,NA,NA,NA,NA,NA,NA,NA,NA,NA,NA,NA,NA,NA,NA,NA,NA,NA,0,0,0,0,0.36765,0.36762,NA,NA,0.44093,NA,NA,NA,0,0,NA,NA,0,NA,NA,NA,NA
2013-07-21,2013,202,NA,NA,NA,NA,NA,NA,NA,NA,NA,NA,NA,NA,NA,NA,NA,NA,NA,NA,NA,NA,NA,NA,NA,NA,NA,0,0,0,0,0.36891,0.36917,NA,NA,0.44124,NA,NA,NA,0,0,NA,NA,0,NA,NA,NA,NA
2013-07-22,2013,203,47,ibp_2013_07_22_113105.jpg,85.3855,69.47332,32.986,0.36984,0.45455,89.58671,8.26004,75.2489,8.46256,38.86505,8.32886,0.36958,0.00286,0.37,0.37169,0.37279,0.44141,0.02029,0.44595,0.45508,0.46346,77.14007,-9999,0,0,0,0,0.36958,0.37,NA,NA,0.44141,NA,NA,NA,0,0,NA,NA,0,NA,NA,NA,NA
2013-07-23,2013,204,NA,NA,NA,NA,NA,NA,NA,NA,NA,NA,NA,NA,NA,NA,NA,NA,NA,NA,NA,NA,NA,NA,NA,NA,NA,0,0,0,0,0.36915,0.36954,NA,NA,0.43971,NA,NA,NA,0,0,NA,NA,0,NA,NA,NA,NA
2013-07-24,2013,205,NA,NA,NA,NA,NA,NA,NA,NA,NA,NA,NA,NA,NA,NA,NA,NA,NA,NA,NA,NA,NA,NA,NA,NA,NA,0,0,0,0,0.36837,0.36869,NA,NA,0.43657,NA,NA,NA,0,0,NA,NA,0,NA,NA,NA,NA
2013-07-25,2013,206,48,ibp_2013_07_25_120924.jpg,92.45462,77.38456,40.2651,0.36832,0.44004,95.11398,9.75916,80.71914,9.87689,43.74871,9.58038,0.36794,0.00349,0.36823,0.37005,0.37233,0.43487,0.01675,0.43441,0.44422,0.45055,76.86215,-9999,0,0,0,0,0.36794,0.36823,NA,NA,0.43487,NA,NA,NA,0,0,NA,NA,0,NA,NA,NA,NA
2013-07-26,2013,207,NA,NA,NA,NA,NA,NA,NA,NA,NA,NA,NA,NA,NA,NA,NA,NA,NA,NA,NA,NA,NA,NA,NA,NA,NA,0,0,0,0,0.36802,0.36831,NA,NA,0.43317,NA,NA,NA,0,0,NA,NA,0,NA,NA,NA,NA
2013-07-27,2013,208,NA,NA,NA,NA,NA,NA,NA,NA,NA,NA,NA,NA,NA,NA,NA,NA,NA,NA,NA,NA,NA,NA,NA,NA,NA,0,0,0,0,0.36818,0.36846,NA,NA,0.43001,NA,NA,NA,0,0,NA,NA,0,NA,NA,NA,NA
2013-07-28,2013,209,52,ibp_2013_07_28_120106.jpg,88.81347,73.71137,37.41684,0.36866,0.4442,95.72824,7.93415,82.57948,8.8911,46.07364,9.5634,0.36826,0.00281,0.36854,0.37027,0.37174,0.42831,0.01844,0.43362,0.44089,0.44549,76.15239,-9999,0,0,0,0,0.36826,0.36854,NA,NA,0.42831,NA,NA,NA,0,0,NA,NA,0,NA,NA,NA,NA
2013-07-29,2013,210,NA,NA,NA,NA,NA,NA,NA,NA,NA,NA,NA,NA,NA,NA,NA,NA,NA,NA,NA,NA,NA,NA,NA,NA,NA,0,0,0,0,0.36849,0.36876,NA,NA,0.42794,NA,NA,NA,0,0,NA,NA,0,NA,NA,NA,NA
2013-07-30,2013,211,NA,NA,NA,NA,NA,NA,NA,NA,NA,NA,NA,NA,NA,NA,NA,NA,NA,NA,NA,NA,NA,NA,NA,NA,NA,0,0,0,0,0.36891,0.36917,NA,NA,0.42725,NA,NA,NA,0,0,NA,NA,0,NA,NA,NA,NA
2013-07-31,2013,212,0,,NA,NA,NA,NA,NA,NA,NA,NA,NA,NA,NA,NA,NA,NA,NA,NA,NA,NA,NA,NA,NA,NA,NA,0,0,0,0,0.36914,0.36939,NA,NA,0.42687,NA,NA,NA,0,0,NA,NA,0,NA,NA,NA,NA
2013-08-01,2013,213,NA,NA,NA,NA,NA,NA,NA,NA,NA,NA,NA,NA,NA,NA,NA,NA,NA,NA,NA,NA,NA,NA,NA,NA,NA,0,0,0,0,0.36937,0.36961,NA,NA,0.4265,NA,NA,NA,0,0,NA,NA,0,NA,NA,NA,NA
2013-08-02,2013,214,NA,NA,NA,NA,NA,NA,NA,NA,NA,NA,NA,NA,NA,NA,NA,NA,NA,NA,NA,NA,NA,NA,NA,NA,NA,0,0,0,0,0.3698,0.37001,NA,NA,0.42581,NA,NA,NA,0,0,NA,NA,0,NA,NA,NA,NA
2013-08-03,2013,215,0,,NA,NA,NA,NA,NA,NA,NA,NA,NA,NA,NA,NA,NA,NA,NA,NA,NA,NA,NA,NA,NA,NA,NA,0,0,0,0,0.37003,0.37023,NA,NA,0.42544,NA,NA,NA,0,0,NA,NA,0,NA,NA,NA,NA
2013-08-04,2013,216,NA,NA,NA,NA,NA,NA,NA,NA,NA,NA,NA,NA,NA,NA,NA,NA,NA,NA,NA,NA,NA,NA,NA,NA,NA,0,0,0,0,0.37026,0.37045,NA,NA,0.42506,NA,NA,NA,0,0,NA,NA,0,NA,NA,NA,NA
2013-08-05,2013,217,NA,NA,NA,NA,NA,NA,NA,NA,NA,NA,NA,NA,NA,NA,NA,NA,NA,NA,NA,NA,NA,NA,NA,NA,NA,0,0,0,0,0.37068,0.37086,NA,NA,0.42437,NA,NA,NA,0,0,NA,NA,0,NA,NA,NA,NA
2013-08-06,2013,218,45,ibp_2013_08_06_120106.jpg,87.82583,75.57657,40.2615,0.37108,0.43123,90.71694,9.24385,79.65176,10.08318,44.51239,9.83272,0.37091,0.00206,0.37108,0.37284,0.37316,0.424,0.0179,0.43117,0.43454,0.43987,73.94135,-9999,0,0,0,0,0.37091,0.37108,NA,NA,0.424,NA,NA,NA,0,0,NA,NA,0,NA,NA,NA,NA
2013-08-07,2013,219,NA,NA,NA,NA,NA,NA,NA,NA,NA,NA,NA,NA,NA,NA,NA,NA,NA,NA,NA,NA,NA,NA,NA,NA,NA,0,0,0,0,0.37122,0.37128,NA,NA,0.42408,NA,NA,NA,0,0,NA,NA,0,NA,NA,NA,NA
2013-08-08,2013,220,NA,NA,NA,NA,NA,NA,NA,NA,NA,NA,NA,NA,NA,NA,NA,NA,NA,NA,NA,NA,NA,NA,NA,NA,NA,0,0,0,0,0.3718,0.37166,NA,NA,0.42422,NA,NA,NA,0,0,NA,NA,0,NA,NA,NA,NA
2013-08-09,2013,221,41,ibp_2013_08_09_120105.jpg,85.19991,72.88546,36.82043,0.37395,0.43713,94.97951,9.22041,83.46333,9.15901,45.9811,8.1392,0.37211,0.00276,0.37186,0.37411,0.37586,0.4243,0.01474,0.42533,0.43397,0.43943,73.12293,-9999,0,0,0,0,0.37211,0.37186,NA,NA,0.4243,NA,NA,NA,0,0,NA,NA,0,NA,NA,NA,NA
2013-08-10,2013,222,NA,NA,NA,NA,NA,NA,NA,NA,NA,NA,NA,NA,NA,NA,NA,NA,NA,NA,NA,NA,NA,NA,NA,NA,NA,0,0,0,0,0.37298,0.37263,NA,NA,0.42174,NA,NA,NA,0,0,NA,NA,0,NA,NA,NA,NA
2013-08-11,2013,223,NA,NA,NA,NA,NA,NA,NA,NA,NA,NA,NA,NA,NA,NA,NA,NA,NA,NA,NA,NA,NA,NA,NA,NA,NA,0,0,0,0,0.3746,0.37405,NA,NA,0.417,NA,NA,NA,0,0,NA,NA,0,NA,NA,NA,NA
2013-08-12,2013,224,42,ibp_2013_08_12_120105.jpg,96.67196,86.87576,48.062,0.3751,0.41739,97.95824,8.13861,88.87472,8.63554,49.94631,7.07501,0.37547,0.0016,0.37482,0.37667,0.37763,0.41444,0.00813,0.41411,0.42172,0.42576,72.26835,-9999,0,0,0,0,0.37547,0.37482,NA,NA,0.41444,NA,NA,NA,0,0,NA,NA,0,NA,NA,NA,NA
2013-08-13,2013,225,NA,NA,NA,NA,NA,NA,NA,NA,NA,NA,NA,NA,NA,NA,NA,NA,NA,NA,NA,NA,NA,NA,NA,NA,NA,0,0,0,0,0.37604,0.37542,NA,NA,0.41477,NA,NA,NA,0,0,NA,NA,0,NA,NA,NA,NA
2013-08-14,2013,226,NA,NA,NA,NA,NA,NA,NA,NA,NA,NA,NA,NA,NA,NA,NA,NA,NA,NA,NA,NA,NA,NA,NA,NA,NA,0,0,0,0,0.3771,0.37653,NA,NA,0.4154,NA,NA,NA,0,0,NA,NA,0,NA,NA,NA,NA
2013-08-15,2013,227,43,ibp_2013_08_15_120106.jpg,83.83782,75.01833,38.79137,0.37956,0.42418,94.80963,10.01504,86.2431,9.99188,47.42971,7.60247,0.37767,0.00189,0.37713,0.37905,0.38028,0.41573,0.00776,0.41522,0.42182,0.42592,71.37657,-9999,0,0,0,0,0.37767,0.37713,NA,NA,0.41573,NA,NA,NA,0,0,NA,NA,0,NA,NA,NA,NA
2013-08-16,2013,228,NA,NA,NA,NA,NA,NA,NA,NA,NA,NA,NA,NA,NA,NA,NA,NA,NA,NA,NA,NA,NA,NA,NA,NA,NA,0,0,0,0,0.37771,0.37727,NA,NA,0.41446,NA,NA,NA,0,0,NA,NA,0,NA,NA,NA,NA
2013-08-17,2013,229,NA,NA,NA,NA,NA,NA,NA,NA,NA,NA,NA,NA,NA,NA,NA,NA,NA,NA,NA,NA,NA,NA,NA,NA,NA,0,0,0,0,0.37778,0.37752,NA,NA,0.41212,NA,NA,NA,0,0,NA,NA,0,NA,NA,NA,NA
2013-08-18,2013,230,46,ibp_2013_08_18_120105.jpg,92.82055,86.17605,50.16783,0.37604,0.40504,96.39722,7.82123,88.73154,7.97439,49.80899,6.45625,0.37782,0.00178,0.37766,0.37879,0.37996,0.41085,0.00794,0.41153,0.4168,0.42059,70.45253,-9999,0,0,0,0,0.37782,0.37766,NA,NA,0.41085,NA,NA,NA,0,0,NA,NA,0,NA,NA,NA,NA
2013-08-19,2013,231,NA,NA,NA,NA,NA,NA,NA,NA,NA,NA,NA,NA,NA,NA,NA,NA,NA,NA,NA,NA,NA,NA,NA,NA,NA,0,0,0,0,0.37797,0.37776,NA,NA,0.41101,NA,NA,NA,0,0,NA,NA,0,NA,NA,NA,NA
2013-08-20,2013,232,NA,NA,NA,NA,NA,NA,NA,NA,NA,NA,NA,NA,NA,NA,NA,NA,NA,NA,NA,NA,NA,NA,NA,NA,NA,0,0,0,0,0.37823,0.37796,NA,NA,0.41132,NA,NA,NA,0,0,NA,NA,0,NA,NA,NA,NA
2013-08-21,2013,233,45,ibp_2013_08_21_120108.jpg,93.06343,85.29305,46.51801,0.37929,0.41385,96.39704,7.75042,88.7141,7.64373,49.44327,6.46239,0.37838,0.00195,0.37806,0.37929,0.38098,0.41148,0.00997,0.41351,0.41648,0.42147,69.17095,-9999,0,0,0,0,0.37838,0.37806,NA,NA,0.41148,NA,NA,NA,0,0,NA,NA,0,NA,NA,NA,NA
2013-08-22,2013,234,NA,NA,NA,NA,NA,NA,NA,NA,NA,NA,NA,NA,NA,NA,NA,NA,NA,NA,NA,NA,NA,NA,NA,NA,NA,0,0,0,0,0.37777,0.37746,NA,NA,0.40941,NA,NA,NA,0,0,NA,NA,0,NA,NA,NA,NA
2013-08-23,2013,235,NA,NA,NA,NA,NA,NA,NA,NA,NA,NA,NA,NA,NA,NA,NA,NA,NA,NA,NA,NA,NA,NA,NA,NA,NA,0,0,0,0,0.37662,0.37633,NA,NA,0.40556,NA,NA,NA,0,0,NA,NA,0,NA,NA,NA,NA
2013-08-24,2013,236,44,ibp_2013_08_24_120105.jpg,95.33037,88.06716,54.33091,0.37045,0.40101,97.72527,8.01114,91.15032,7.52199,53.64815,7.55651,0.37601,0.00313,0.37573,0.378,0.3798,0.40349,0.01597,0.40605,0.41224,0.41957,68.50885,-9999,0,0,0,0,0.37601,0.37573,NA,NA,0.40349,NA,NA,NA,0,0,NA,NA,0,NA,NA,NA,NA
2013-08-25,2013,237,NA,NA,NA,NA,NA,NA,NA,NA,NA,NA,NA,NA,NA,NA,NA,NA,NA,NA,NA,NA,NA,NA,NA,NA,NA,0,0,0,0,0.37623,0.37574,NA,NA,0.40479,NA,NA,NA,0,0,NA,NA,0,NA,NA,NA,NA
2013-08-26,2013,238,NA,NA,NA,NA,NA,NA,NA,NA,NA,NA,NA,NA,NA,NA,NA,NA,NA,NA,NA,NA,NA,NA,NA,NA,NA,0,0,0,0,0.37665,0.37577,NA,NA,0.40721,NA,NA,NA,0,0,NA,NA,0,NA,NA,NA,NA
2013-08-27,2013,239,37,ibp_2013_08_27_110105.jpg,88.50929,81.3199,47.01265,0.37502,0.40817,93.69699,10.97616,86.57082,10.63294,49.65702,9.30684,0.37687,0.00376,0.37578,0.37922,0.38292,0.40851,0.0154,0.40988,0.41915,0.42381,67.49286,-9999,0,0,0,0,0.37687,0.37578,NA,NA,0.40851,NA,NA,NA,0,0,NA,NA,0,NA,NA,NA,NA
2013-08-28,2013,240,NA,NA,NA,NA,NA,NA,NA,NA,NA,NA,NA,NA,NA,NA,NA,NA,NA,NA,NA,NA,NA,NA,NA,NA,NA,0,0,0,0,0.37786,0.37672,NA,NA,0.40755,NA,NA,NA,0,0,NA,NA,0,NA,NA,NA,NA
2013-08-29,2013,241,NA,NA,NA,NA,NA,NA,NA,NA,NA,NA,NA,NA,NA,NA,NA,NA,NA,NA,NA,NA,NA,NA,NA,NA,NA,0,0,0,0,0.37971,0.37847,NA,NA,0.40577,NA,NA,NA,0,0,NA,NA,0,NA,NA,NA,NA
2013-08-30,2013,242,41,ibp_2013_08_30_113105.jpg,81.95895,75.26256,38.84449,0.38386,0.41802,92.18248,10.67468,86.73672,9.89229,49.18231,8.41492,0.3807,0.00391,0.37941,0.38473,0.38604,0.40481,0.01195,0.40597,0.41277,0.4174,66.45064,-9999,0,0,0,0,0.3807,0.37941,NA,NA,0.40481,NA,NA,NA,0,0,NA,NA,0,NA,NA,NA,NA
2013-08-31,2013,243,NA,NA,NA,NA,NA,NA,NA,NA,NA,NA,NA,NA,NA,NA,NA,NA,NA,NA,NA,NA,NA,NA,NA,NA,NA,0,0,0,0,0.38082,0.37978,NA,NA,0.40695,NA,NA,NA,0,0,NA,NA,0,NA,NA,NA,NA
2013-09-01,2013,244,NA,NA,NA,NA,NA,NA,NA,NA,NA,NA,NA,NA,NA,NA,NA,NA,NA,NA,NA,NA,NA,NA,NA,NA,NA,0,0,0,0,0.38103,0.38045,NA,NA,0.41091,NA,NA,NA,0,0,NA,NA,0,NA,NA,NA,NA
2013-09-02,2013,245,15,ibp_2013_09_01_150105.jpg,100.58651,93.53675,54.3424,0.37646,0.40483,86.71328,6.19619,80.01301,5.65583,43.31263,4.57308,0.38115,0.00302,0.38082,0.38394,0.38494,0.41305,0.00441,0.4123,0.41653,0.4188,65.38408,-9999,0,0,0,0,0.38115,0.38082,NA,NA,0.41305,NA,NA,NA,0,0,NA,NA,0,NA,NA,NA,NA
2013-09-03,2013,246,NA,NA,NA,NA,NA,NA,NA,NA,NA,NA,NA,NA,NA,NA,NA,NA,NA,NA,NA,NA,NA,NA,NA,NA,NA,0,0,0,0,0.37955,0.3793,NA,NA,0.41279,NA,NA,NA,0,0,NA,NA,0,NA,NA,NA,NA
2013-09-04,2013,247,NA,NA,NA,NA,NA,NA,NA,NA,NA,NA,NA,NA,NA,NA,NA,NA,NA,NA,NA,NA,NA,NA,NA,NA,NA,0,0,0,0,0.37659,0.37649,NA,NA,0.41229,NA,NA,NA,0,0,NA,NA,0,NA,NA,NA,NA
2013-09-05,2013,248,31,ibp_2013_09_05_120105.jpg,80.20891,70.2667,35.68428,0.37745,0.43086,90.21293,11.62243,82.42186,11.55362,47.31167,11.07752,0.37499,0.00247,0.37497,0.37648,0.37837,0.41203,0.02462,0.4168,0.43066,0.43322,63.92833,-9999,0,0,0,0,0.37499,0.37497,NA,NA,0.41203,NA,NA,NA,0,0,NA,NA,0,NA,NA,NA,NA
2013-09-06,2013,249,NA,NA,NA,NA,NA,NA,NA,NA,NA,NA,NA,NA,NA,NA,NA,NA,NA,NA,NA,NA,NA,NA,NA,NA,NA,0,0,0,0,0.37472,0.37486,NA,NA,0.41427,NA,NA,NA,0,0,NA,NA,0,NA,NA,NA,NA
2013-09-07,2013,250,NA,NA,NA,NA,NA,NA,NA,NA,NA,NA,NA,NA,NA,NA,NA,NA,NA,NA,NA,NA,NA,NA,NA,NA,NA,0,0,0,0,0.37422,0.37466,NA,NA,0.41843,NA,NA,NA,0,0,NA,NA,0,NA,NA,NA,NA
2013-09-08,2013,251,48,ibp_2013_09_08_120105.jpg,77.63787,65.12019,30.10026,0.37673,0.44914,88.43644,8.82491,78.7154,8.21401,43.42046,7.01088,0.37395,0.00236,0.37455,0.37567,0.37623,0.42067,0.0156,0.42398,0.43003,0.43557,63.18753,-9999,0,0,0,0,0.37395,0.37455,NA,NA,0.42067,NA,NA,NA,0,0,NA,NA,0,NA,NA,NA,NA
2013-09-09,2013,252,NA,NA,NA,NA,NA,NA,NA,NA,NA,NA,NA,NA,NA,NA,NA,NA,NA,NA,NA,NA,NA,NA,NA,NA,NA,0,0,0,0,0.37438,0.37504,NA,NA,0.41581,NA,NA,NA,0,0,NA,NA,0,NA,NA,NA,NA
2013-09-10,2013,253,NA,NA,NA,NA,NA,NA,NA,NA,NA,NA,NA,NA,NA,NA,NA,NA,NA,NA,NA,NA,NA,NA,NA,NA,NA,0,0,0,0,0.37516,0.37595,NA,NA,0.4068,NA,NA,NA,0,0,NA,NA,0,NA,NA,NA,NA
2013-09-11,2013,254,25,ibp_2013_09_11_120105.jpg,81.7419,72.7153,36.05864,0.38168,0.42906,87.48244,3.48786,81.81506,3.74043,48.62074,5.73238,0.37559,0.00405,0.37644,0.3792,0.38001,0.40194,0.01375,0.40514,0.40745,0.41507,61.68461,-9999,0,0,0,0,0.37559,0.37644,NA,NA,0.40194,NA,NA,NA,0,0,NA,NA,0,NA,NA,NA,NA
2013-09-12,2013,255,NA,NA,NA,NA,NA,NA,NA,NA,NA,NA,NA,NA,NA,NA,NA,NA,NA,NA,NA,NA,NA,NA,NA,NA,NA,0,0,0,0,0.37701,0.37772,NA,NA,0.40303,NA,NA,NA,0,0,NA,NA,0,NA,NA,NA,NA
2013-09-13,2013,256,NA,NA,NA,NA,NA,NA,NA,NA,NA,NA,NA,NA,NA,NA,NA,NA,NA,NA,NA,NA,NA,NA,NA,NA,NA,0,0,0,0,0.37963,0.3801,NA,NA,0.40504,NA,NA,NA,0,0,NA,NA,0,NA,NA,NA,NA
2013-09-14,2013,257,38,ibp_2013_09_14_120106.jpg,104.64806,97.61278,57.01015,0.37649,0.40362,88.98216,8.37146,83.6169,8.57973,47.01745,8.10342,0.38105,0.00329,0.38138,0.38383,0.38504,0.40613,0.01478,0.40711,0.41201,0.42173,60.54136,-9999,0,0,0,0,0.38105,0.38138,NA,NA,0.40613,NA,NA,NA,0,0,NA,NA,0,NA,NA,NA,NA
2013-09-15,2013,258,NA,NA,NA,NA,NA,NA,NA,NA,NA,NA,NA,NA,NA,NA,NA,NA,NA,NA,NA,NA,NA,NA,NA,NA,NA,0,0,0,0,0.38108,0.38141,NA,NA,0.40501,NA,NA,NA,0,0,NA,NA,0,NA,NA,NA,NA
2013-09-16,2013,259,NA,NA,NA,NA,NA,NA,NA,NA,NA,NA,NA,NA,NA,NA,NA,NA,NA,NA,NA,NA,NA,NA,NA,NA,NA,0,0,0,0,0.38115,0.38145,NA,NA,0.40293,NA,NA,NA,0,0,NA,NA,0,NA,NA,NA,NA
2013-09-17,2013,260,53,ibp_2013_09_17_113139.jpg,93.64524,92.81216,60.91259,0.3752,0.37856,89.38074,9.86466,84.91172,9.64316,48.66837,8.94824,0.38118,0.00361,0.38148,0.38283,0.38609,0.40181,0.01729,0.40641,0.41224,0.41783,59.77295,-9999,0,0,0,0,0.38118,0.38148,NA,NA,0.40181,NA,NA,NA,0,0,NA,NA,0,NA,NA,NA,NA
2013-09-18,2013,261,NA,NA,NA,NA,NA,NA,NA,NA,NA,NA,NA,NA,NA,NA,NA,NA,NA,NA,NA,NA,NA,NA,NA,NA,NA,0,0,0,0,0.38089,0.38107,NA,NA,0.40074,NA,NA,NA,0,0,NA,NA,0,NA,NA,NA,NA
2013-09-19,2013,262,NA,NA,NA,NA,NA,NA,NA,NA,NA,NA,NA,NA,NA,NA,NA,NA,NA,NA,NA,NA,NA,NA,NA,NA,NA,0,0,0,0,0.38034,0.3803,NA,NA,0.39876,NA,NA,NA,0,0,NA,NA,0,NA,NA,NA,NA
2013-09-20,2013,263,42,ibp_2013_09_20_113115.jpg,81.08074,75.8893,39.75532,0.38576,0.41215,92.59004,8.99883,88.56395,8.48838,52.04916,8.3158,0.38005,0.00372,0.37989,0.38204,0.38546,0.39769,0.01664,0.4034,0.40895,0.41055,57.63667,-9999,0,0,0,0,0.38005,0.37989,NA,NA,0.39769,NA,NA,NA,0,0,NA,NA,0,NA,NA,NA,NA
2013-09-21,2013,264,NA,NA,NA,NA,NA,NA,NA,NA,NA,NA,NA,NA,NA,NA,NA,NA,NA,NA,NA,NA,NA,NA,NA,NA,NA,0,0,0,0,0.38004,0.38003,NA,NA,0.39988,NA,NA,NA,0,0,NA,NA,0,NA,NA,NA,NA
2013-09-22,2013,265,NA,NA,NA,NA,NA,NA,NA,NA,NA,NA,NA,NA,NA,NA,NA,NA,NA,NA,NA,NA,NA,NA,NA,NA,NA,0,0,0,0,0.38003,0.3803,NA,NA,0.40393,NA,NA,NA,0,0,NA,NA,0,NA,NA,NA,NA
2013-09-23,2013,266,34,ibp_2013_09_23_120126.jpg,91.40694,85.48981,48.84208,0.37871,0.40492,92.69675,12.37994,86.71393,11.15791,49.04914,8.29878,0.38002,0.00371,0.38044,0.38276,0.38434,0.40612,0.00762,0.40559,0.4098,0.41335,57.44645,-9999,0,0,0,0,0.38002,0.38044,NA,NA,0.40612,NA,NA,NA,0,0,NA,NA,0,NA,NA,NA,NA
2013-09-24,2013,267,NA,NA,NA,NA,NA,NA,NA,NA,NA,NA,NA,NA,NA,NA,NA,NA,NA,NA,NA,NA,NA,NA,NA,NA,NA,0,0,0,0,0.37929,0.37977,NA,NA,0.40536,NA,NA,NA,0,0,NA,NA,0,NA,NA,NA,NA
2013-09-25,2013,268,NA,NA,NA,NA,NA,NA,NA,NA,NA,NA,NA,NA,NA,NA,NA,NA,NA,NA,NA,NA,NA,NA,NA,NA,NA,0,0,0,0,0.37792,0.37852,NA,NA,0.40395,NA,NA,NA,0,0,NA,NA,0,NA,NA,NA,NA
2013-09-26,2013,269,25,ibp_2013_09_26_120105.jpg,81.76854,75.63415,40.70687,0.38178,0.41274,95.19635,8.36798,89.09515,7.92307,52.01141,6.53166,0.37719,0.00293,0.37785,0.3791,0.37993,0.40319,0.01001,0.40443,0.40917,0.41237,55.88554,-9999,0,0,0,0,0.37719,0.37785,NA,NA,0.40319,NA,NA,NA,0,0,NA,NA,0,NA,NA,NA,NA
2013-09-27,2013,270,NA,NA,NA,NA,NA,NA,NA,NA,NA,NA,NA,NA,NA,NA,NA,NA,NA,NA,NA,NA,NA,NA,NA,NA,NA,0,0,0,0,0.37639,0.37694,NA,NA,0.40412,NA,NA,NA,0,0,NA,NA,0,NA,NA,NA,NA
2013-09-28,2013,271,NA,NA,NA,NA,NA,NA,NA,NA,NA,NA,NA,NA,NA,NA,NA,NA,NA,NA,NA,NA,NA,NA,NA,NA,NA,0,0,0,0,0.37489,0.37525,NA,NA,0.40586,NA,NA,NA,0,0,NA,NA,0,NA,NA,NA,NA
2013-09-29,2013,272,41,ibp_2013_09_29_120104.jpg,93.55705,86.36094,50.27071,0.37517,0.40644,98.87417,8.69733,90.93861,8.02438,53.35938,5.74128,0.37409,0.00175,0.37434,0.37519,0.37588,0.40679,0.00455,0.40644,0.4102,0.41342,55.10446,-9999,0,0,0,0,0.37409,0.37434,NA,NA,0.40679,NA,NA,NA,0,0,NA,NA,0,NA,NA,NA,NA
2013-09-30,2013,273,NA,NA,NA,NA,NA,NA,NA,NA,NA,NA,NA,NA,NA,NA,NA,NA,NA,NA,NA,NA,NA,NA,NA,NA,NA,0,0,0,0,0.37384,0.3741,NA,NA,0.40869,NA,NA,NA,0,0,NA,NA,0,NA,NA,NA,NA
2013-10-01,2013,274,NA,NA,NA,NA,NA,NA,NA,NA,NA,NA,NA,NA,NA,NA,NA,NA,NA,NA,NA,NA,NA,NA,NA,NA,NA,0,0,0,0,0.37336,0.37365,NA,NA,0.4122,NA,NA,NA,0,0,NA,NA,0,NA,NA,NA,NA
2013-10-02,2013,275,38,ibp_2013_10_02_120107.jpg,84.61815,75.46763,40.79563,0.37568,0.42123,94.88351,8.88341,85.52623,8.16245,48.90957,6.03583,0.37311,0.00206,0.37341,0.37435,0.37494,0.4141,0.00685,0.41365,0.41762,0.42122,53.93493,-9999,0,0,0,0,0.37311,0.37341,NA,NA,0.4141,NA,NA,NA,0,0,NA,NA,0,NA,NA,NA,NA
2013-10-03,2013,276,NA,NA,NA,NA,NA,NA,NA,NA,NA,NA,NA,NA,NA,NA,NA,NA,NA,NA,NA,NA,NA,NA,NA,NA,NA,0,0,0,0,0.3722,0.37228,NA,NA,0.41412,NA,NA,NA,0,0,NA,NA,0,NA,NA,NA,NA
2013-10-04,2013,277,NA,NA,NA,NA,NA,NA,NA,NA,NA,NA,NA,NA,NA,NA,NA,NA,NA,NA,NA,NA,NA,NA,NA,NA,NA,0,0,0,0,0.37051,0.3702,NA,NA,0.41416,NA,NA,NA,0,0,NA,NA,0,NA,NA,NA,NA
2013-10-05,2013,278,42,ibp_2013_10_05_120105.jpg,94.55279,84.74333,50.32468,0.36906,0.41178,97.46129,9.08188,86.9804,8.05242,51.01334,5.94674,0.3696,0.0026,0.36907,0.37135,0.37317,0.41418,0.00509,0.41234,0.41713,0.4204,52.77015,-9999,0,0,0,0,0.3696,0.36907,NA,NA,0.41418,NA,NA,NA,0,0,NA,NA,0,NA,NA,NA,NA
2013-10-06,2013,279,NA,NA,NA,NA,NA,NA,NA,NA,NA,NA,NA,NA,NA,NA,NA,NA,NA,NA,NA,NA,NA,NA,NA,NA,NA,0,0,0,0,0.36933,0.36895,NA,NA,0.41628,NA,NA,NA,0,0,NA,NA,0,NA,NA,NA,NA
2013-10-07,2013,280,NA,NA,NA,NA,NA,NA,NA,NA,NA,NA,NA,NA,NA,NA,NA,NA,NA,NA,NA,NA,NA,NA,NA,NA,NA,0,0,0,0,0.36882,0.36874,NA,NA,0.42018,NA,NA,NA,0,0,NA,NA,0,NA,NA,NA,NA
2013-10-08,2013,281,41,ibp_2013_10_08_120106.jpg,87.89814,76.18391,42.59359,0.36862,0.4253,91.10518,9.48666,79.70659,9.14652,45.54662,8.7162,0.36855,0.00149,0.36862,0.36941,0.37037,0.42228,0.01909,0.4253,0.43169,0.43599,51.61369,-9999,0,0,0,0,0.36855,0.36862,NA,NA,0.42228,NA,NA,NA,0,0,NA,NA,0,NA,NA,NA,NA
2013-10-09,2013,282,NA,NA,NA,NA,NA,NA,NA,NA,NA,NA,NA,NA,NA,NA,NA,NA,NA,NA,NA,NA,NA,NA,NA,NA,NA,0,0,0,0,0.36818,0.36829,NA,NA,0.42335,NA,NA,NA,0,0,NA,NA,0,NA,NA,NA,NA
2013-10-10,2013,283,NA,NA,NA,NA,NA,NA,NA,NA,NA,NA,NA,NA,NA,NA,NA,NA,NA,NA,NA,NA,NA,NA,NA,NA,NA,0,0,0,0,0.36749,0.36768,NA,NA,0.42533,NA,NA,NA,0,0,NA,NA,0,NA,NA,NA,NA
2013-10-11,2013,284,0,,NA,NA,NA,NA,NA,NA,NA,NA,NA,NA,NA,NA,NA,NA,NA,NA,NA,NA,NA,NA,NA,NA,NA,0,0,0,0,0.36712,0.36735,NA,NA,0.4264,NA,NA,NA,0,0,NA,NA,0,NA,NA,NA,NA
2013-10-12,2013,285,NA,NA,NA,NA,NA,NA,NA,NA,NA,NA,NA,NA,NA,NA,NA,NA,NA,NA,NA,NA,NA,NA,NA,NA,NA,0,0,0,0,0.36675,0.36702,NA,NA,0.42746,NA,NA,NA,0,0,NA,NA,0,NA,NA,NA,NA
2013-10-13,2013,286,NA,NA,NA,NA,NA,NA,NA,NA,NA,NA,NA,NA,NA,NA,NA,NA,NA,NA,NA,NA,NA,NA,NA,NA,NA,0,0,0,0,0.36606,0.36641,NA,NA,0.42944,NA,NA,NA,0,0,NA,NA,0,NA,NA,NA,NA
2013-10-14,2013,287,14,ibp_2013_10_15_080106.jpg,72.51031,58.89953,30.47127,0.36384,0.44792,82.21546,10.30674,70.30837,11.02451,39.87823,11.19894,0.36569,0.00239,0.36608,0.36774,0.36827,0.43051,0.02671,0.43429,0.44698,0.45738,48.59199,-9999,0,0,0,0,0.36569,0.36608,NA,NA,0.43051,NA,NA,NA,0,0,NA,NA,0,NA,NA,NA,NA
2013-10-15,2013,288,NA,NA,NA,NA,NA,NA,NA,NA,NA,NA,NA,NA,NA,NA,NA,NA,NA,NA,NA,NA,NA,NA,NA,NA,NA,0,0,0,0,0.36508,0.36546,NA,NA,0.43148,NA,NA,NA,0,0,NA,NA,0,NA,NA,NA,NA
2013-10-16,2013,289,NA,NA,NA,NA,NA,NA,NA,NA,NA,NA,NA,NA,NA,NA,NA,NA,NA,NA,NA,NA,NA,NA,NA,NA,NA,0,0,0,0,0.36395,0.36432,NA,NA,0.43328,NA,NA,NA,0,0,NA,NA,0,NA,NA,NA,NA
2013-10-17,2013,290,0,,NA,NA,NA,NA,NA,NA,NA,NA,NA,NA,NA,NA,NA,NA,NA,NA,NA,NA,NA,NA,NA,NA,NA,0,0,0,0,0.36334,0.36371,NA,NA,0.43425,NA,NA,NA,0,0,NA,NA,0,NA,NA,NA,NA
2013-10-18,2013,291,NA,NA,NA,NA,NA,NA,NA,NA,NA,NA,NA,NA,NA,NA,NA,NA,NA,NA,NA,NA,NA,NA,NA,NA,NA,0,0,0,0,0.36273,0.36309,NA,NA,0.43522,NA,NA,NA,0,0,NA,NA,0,NA,NA,NA,NA
2013-10-19,2013,292,NA,NA,NA,NA,NA,NA,NA,NA,NA,NA,NA,NA,NA,NA,NA,NA,NA,NA,NA,NA,NA,NA,NA,NA,NA,0,0,0,0,0.3616,0.36195,NA,NA,0.43701,NA,NA,NA,0,0,NA,NA,0,NA,NA,NA,NA
2013-10-20,2013,293,0,,NA,NA,NA,NA,NA,NA,NA,NA,NA,NA,NA,NA,NA,NA,NA,NA,NA,NA,NA,NA,NA,NA,NA,0,0,0,0,0.36099,0.36133,NA,NA,0.43798,NA,NA,NA,0,0,NA,NA,0,NA,NA,NA,NA
2013-10-21,2013,294,NA,NA,NA,NA,NA,NA,NA,NA,NA,NA,NA,NA,NA,NA,NA,NA,NA,NA,NA,NA,NA,NA,NA,NA,NA,0,0,0,0,0.36038,0.36072,NA,NA,0.43895,NA,NA,NA,0,0,NA,NA,0,NA,NA,NA,NA
2013-10-22,2013,295,NA,NA,NA,NA,NA,NA,NA,NA,NA,NA,NA,NA,NA,NA,NA,NA,NA,NA,NA,NA,NA,NA,NA,NA,NA,0,0,0,0,0.35925,0.35958,NA,NA,0.44075,NA,NA,NA,0,0,NA,NA,0,NA,NA,NA,NA
2013-10-23,2013,296,12,ibp_2013_10_23_133106.jpg,84.22618,66.82354,34.43694,0.36026,0.45408,92.31619,9.22304,75.01605,6.98574,41.9083,6.82927,0.35864,0.00186,0.35896,0.36026,0.36031,0.44172,0.02153,0.45073,0.45498,0.46078,44.42056,-9999,0,0,0,0,0.35864,0.35896,NA,NA,0.44172,NA,NA,NA,0,0,NA,NA,0,NA,NA,NA,NA
2013-10-24,2013,297,NA,NA,NA,NA,NA,NA,NA,NA,NA,NA,NA,NA,NA,NA,NA,NA,NA,NA,NA,NA,NA,NA,NA,NA,NA,0,0,0,0,0.3577,0.35786,NA,NA,0.44575,NA,NA,NA,0,0,NA,NA,0,NA,NA,NA,NA
2013-10-25,2013,298,NA,NA,NA,NA,NA,NA,NA,NA,NA,NA,NA,NA,NA,NA,NA,NA,NA,NA,NA,NA,NA,NA,NA,NA,NA,0,0,0,0,0.35597,0.3558,NA,NA,0.45323,NA,NA,NA,0,0,NA,NA,0,NA,NA,NA,NA
2013-10-26,2013,299,5,ibp_2013_10_26_150112.jpg,97.71444,77.90702,42.55606,0.35708,0.44787,85.62076,7.52156,66.72292,7.74679,35.50886,6.04058,0.35503,0.00247,0.3547,0.35708,0.35786,0.45726,0.0154,0.44988,0.45582,0.4747,42.87203,-9999,0,0,0,0,0.35503,0.3547,NA,NA,0.45726,NA,NA,NA,0,0,NA,NA,0,NA,NA,NA,NA
2013-10-27,2013,300,NA,NA,NA,NA,NA,NA,NA,NA,NA,NA,NA,NA,NA,NA,NA,NA,NA,NA,NA,NA,NA,NA,NA,NA,NA,0,0,0,0,0.35433,0.35413,NA,NA,0.46005,NA,NA,NA,0,0,NA,NA,0,NA,NA,NA,NA
2013-10-28,2013,301,NA,NA,NA,NA,NA,NA,NA,NA,NA,NA,NA,NA,NA,NA,NA,NA,NA,NA,NA,NA,NA,NA,NA,NA,NA,0,0,0,0,0.35303,0.35307,NA,NA,0.46525,NA,NA,NA,0,0,NA,NA,0,NA,NA,NA,NA
2013-10-29,2013,302,25,ibp_2013_10_29_110112.jpg,91.6373,69.93199,36.68305,0.35274,0.46223,84.00521,8.55143,63.53471,8.43403,32.74148,6.93228,0.35233,0.0018,0.3525,0.35369,0.35425,0.46804,0.01782,0.4619,0.48132,0.49043,43.34121,-9999,0,0,0,0,0.35233,0.3525,NA,NA,0.46804,NA,NA,NA,0,0,NA,NA,0,NA,NA,NA,NA
2013-10-30,2013,303,NA,NA,NA,NA,NA,NA,NA,NA,NA,NA,NA,NA,NA,NA,NA,NA,NA,NA,NA,NA,NA,NA,NA,NA,NA,0,0,0,0,0.35217,0.35225,NA,NA,0.46615,NA,NA,NA,0,0,NA,NA,0,NA,NA,NA,NA
2013-10-31,2013,304,NA,NA,NA,NA,NA,NA,NA,NA,NA,NA,NA,NA,NA,NA,NA,NA,NA,NA,NA,NA,NA,NA,NA,NA,NA,0,0,0,0,0.35186,0.35178,NA,NA,0.46265,NA,NA,NA,0,0,NA,NA,0,NA,NA,NA,NA
2013-11-01,2013,305,0,,NA,NA,NA,NA,NA,NA,NA,NA,NA,NA,NA,NA,NA,NA,NA,NA,NA,NA,NA,NA,NA,NA,NA,0,0,0,0,0.3517,0.35152,NA,NA,0.46076,NA,NA,NA,0,0,NA,NA,0,NA,NA,NA,NA
2013-11-02,2013,306,NA,NA,NA,NA,NA,NA,NA,NA,NA,NA,NA,NA,NA,NA,NA,NA,NA,NA,NA,NA,NA,NA,NA,NA,NA,0,0,0,0,0.35153,0.35127,NA,NA,0.45887,NA,NA,NA,0,0,NA,NA,0,NA,NA,NA,NA
2013-11-03,2013,307,NA,NA,NA,NA,NA,NA,NA,NA,NA,NA,NA,NA,NA,NA,NA,NA,NA,NA,NA,NA,NA,NA,NA,NA,NA,0,0,0,0,0.35122,0.3508,NA,NA,0.45537,NA,NA,NA,0,0,NA,NA,0,NA,NA,NA,NA
2013-11-04,2013,308,21,ibp_2013_11_04_133150.jpg,109.56851,85.86561,47.95453,0.35279,0.45018,89.56101,9.9856,69.6922,8.89326,39.22548,9.61681,0.35106,0.00258,0.35055,0.35255,0.35431,0.45348,0.03235,0.46134,0.47189,0.49193,41.46739,-9999,0,0,0,0,0.35106,0.35055,NA,NA,0.45348,NA,NA,NA,0,0,NA,NA,0,NA,NA,NA,NA
2013-11-05,2013,309,NA,NA,NA,NA,NA,NA,NA,NA,NA,NA,NA,NA,NA,NA,NA,NA,NA,NA,NA,NA,NA,NA,NA,NA,NA,0,0,0,0,0.35087,0.3508,NA,NA,0.45658,NA,NA,NA,0,0,NA,NA,0,NA,NA,NA,NA
2013-11-06,2013,310,NA,NA,NA,NA,NA,NA,NA,NA,NA,NA,NA,NA,NA,NA,NA,NA,NA,NA,NA,NA,NA,NA,NA,NA,NA,0,0,0,0,0.35053,0.35127,NA,NA,0.46233,NA,NA,NA,0,0,NA,NA,0,NA,NA,NA,NA
2013-11-07,2013,311,38,ibp_2013_11_07_120147.jpg,88.86004,67.54006,35.58455,0.3518,0.46285,91.37297,9.57048,68.93408,8.27312,36.44738,5.93666,0.35034,0.00248,0.35152,0.35209,0.35236,0.46543,0.01035,0.46382,0.46774,0.47901,41.15559,-9999,0,0,0,0,0.35034,0.35152,NA,NA,0.46543,NA,NA,NA,0,0,NA,NA,0,NA,NA,NA,NA
2013-11-08,2013,312,NA,NA,NA,NA,NA,NA,NA,NA,NA,NA,NA,NA,NA,NA,NA,NA,NA,NA,NA,NA,NA,NA,NA,NA,NA,0,0,0,0,0.35021,0.35145,NA,NA,0.46608,NA,NA,NA,0,0,NA,NA,0,NA,NA,NA,NA
2013-11-09,2013,313,NA,NA,NA,NA,NA,NA,NA,NA,NA,NA,NA,NA,NA,NA,NA,NA,NA,NA,NA,NA,NA,NA,NA,NA,NA,0,0,0,0,0.34997,0.35131,NA,NA,0.46727,NA,NA,NA,0,0,NA,NA,0,NA,NA,NA,NA
2013-11-10,2013,314,42,ibp_2013_11_10_120111.jpg,72.68174,50.3961,21.62973,0.34826,0.50227,91.10755,10.21469,68.32747,8.91628,35.83522,6.38305,0.34984,0.00288,0.35124,0.35178,0.35204,0.46792,0.01241,0.46359,0.47208,0.48477,40.30657,-9999,0,0,0,0,0.34984,0.35124,NA,NA,0.46792,NA,NA,NA,0,0,NA,NA,0,NA,NA,NA,NA
2013-11-11,2013,315,NA,NA,NA,NA,NA,NA,NA,NA,NA,NA,NA,NA,NA,NA,NA,NA,NA,NA,NA,NA,NA,NA,NA,NA,NA,0,0,0,0,0.3488,0.3502,NA,NA,0.46854,NA,NA,NA,0,0,NA,NA,0,NA,NA,NA,NA
2013-11-12,2013,316,NA,NA,NA,NA,NA,NA,NA,NA,NA,NA,NA,NA,NA,NA,NA,NA,NA,NA,NA,NA,NA,NA,NA,NA,NA,0,0,0,0,0.34685,0.34827,NA,NA,0.46969,NA,NA,NA,0,0,NA,NA,0,NA,NA,NA,NA
2013-11-13,2013,317,41,ibp_2013_11_13_120217.jpg,90.10169,65.17098,36.69099,0.3395,0.46937,90.20727,10.00981,66.62742,9.10411,35.76469,7.17599,0.34581,0.00351,0.34723,0.34885,0.34935,0.47031,0.01802,0.46637,0.47498,0.49824,39.4843,-9999,0,0,0,0,0.34581,0.34723,NA,NA,0.47031,NA,NA,NA,0,0,NA,NA,0,NA,NA,NA,NA
2013-11-14,2013,318,NA,NA,NA,NA,NA,NA,NA,NA,NA,NA,NA,NA,NA,NA,NA,NA,NA,NA,NA,NA,NA,NA,NA,NA,NA,0,0,0,0,0.3452,0.34651,NA,NA,0.47092,NA,NA,NA,0,0,NA,NA,0,NA,NA,NA,NA
2013-11-15,2013,319,NA,NA,NA,NA,NA,NA,NA,NA,NA,NA,NA,NA,NA,NA,NA,NA,NA,NA,NA,NA,NA,NA,NA,NA,NA,0,0,0,0,0.34408,0.34519,NA,NA,0.47206,NA,NA,NA,0,0,NA,NA,0,NA,NA,NA,NA
2013-11-16,2013,320,0,,NA,NA,NA,NA,NA,NA,NA,NA,NA,NA,NA,NA,NA,NA,NA,NA,NA,NA,NA,NA,NA,NA,NA,0,0,0,0,0.34347,0.34447,NA,NA,0.47268,NA,NA,NA,0,0,NA,NA,0,NA,NA,NA,NA
2013-11-17,2013,321,NA,NA,NA,NA,NA,NA,NA,NA,NA,NA,NA,NA,NA,NA,NA,NA,NA,NA,NA,NA,NA,NA,NA,NA,NA,0,0,0,0,0.34286,0.34375,NA,NA,0.47329,NA,NA,NA,0,0,NA,NA,0,NA,NA,NA,NA
2013-11-18,2013,322,NA,NA,NA,NA,NA,NA,NA,NA,NA,NA,NA,NA,NA,NA,NA,NA,NA,NA,NA,NA,NA,NA,NA,NA,NA,0,0,0,0,0.34174,0.34243,NA,NA,0.47443,NA,NA,NA,0,0,NA,NA,0,NA,NA,NA,NA
2013-11-19,2013,323,40,ibp_2013_11_19_120122.jpg,77.37514,51.61827,23.29686,0.33895,0.50808,92.81543,9.3999,66.8709,8.25608,36.24126,6.17499,0.34113,0.0031,0.34171,0.34384,0.34448,0.47504,0.01525,0.47351,0.48126,0.48654,37.99109,-9999,0,0,0,0,0.34113,0.34171,NA,NA,0.47504,NA,NA,NA,0,0,NA,NA,0,NA,NA,NA,NA
2013-11-20,2013,324,NA,NA,NA,NA,NA,NA,NA,NA,NA,NA,NA,NA,NA,NA,NA,NA,NA,NA,NA,NA,NA,NA,NA,NA,NA,0,0,0,0,0.34046,0.34117,NA,NA,0.47786,NA,NA,NA,0,0,NA,NA,0,NA,NA,NA,NA
2013-11-21,2013,325,NA,NA,NA,NA,NA,NA,NA,NA,NA,NA,NA,NA,NA,NA,NA,NA,NA,NA,NA,NA,NA,NA,NA,NA,NA,0,0,0,0,0.3392,0.34018,NA,NA,0.48309,NA,NA,NA,0,0,NA,NA,0,NA,NA,NA,NA
2013-11-22,2013,326,10,ibp_2013_11_22_120354.jpg,86.43927,59.21341,32.67323,0.33205,0.48473,85.24271,6.44756,59.61668,6.58741,31.11922,5.52368,0.33853,0.0041,0.33964,0.34231,0.34286,0.48591,0.01704,0.48532,0.49556,0.50792,37.21787,-9999,0,0,0,0,0.33853,0.33964,NA,NA,0.48591,NA,NA,NA,0,0,NA,NA,0,NA,NA,NA,NA
2013-11-23,2013,327,NA,NA,NA,NA,NA,NA,NA,NA,NA,NA,NA,NA,NA,NA,NA,NA,NA,NA,NA,NA,NA,NA,NA,NA,NA,0,0,0,0,0.33786,0.33975,NA,NA,0.48382,NA,NA,NA,0,0,NA,NA,0,NA,NA,NA,NA
2013-11-24,2013,328,NA,NA,NA,NA,NA,NA,NA,NA,NA,NA,NA,NA,NA,NA,NA,NA,NA,NA,NA,NA,NA,NA,NA,NA,NA,0,0,0,0,0.33663,0.33997,NA,NA,0.47995,NA,NA,NA,0,0,NA,NA,0,NA,NA,NA,NA
2013-11-25,2013,329,7,ibp_2013_11_25_130741.jpg,110.19745,81.29874,47.20359,0.34059,0.46166,89.22526,13.85129,63.53103,13.41574,35.71093,9.87889,0.33596,0.00628,0.34008,0.34044,0.34079,0.47786,0.02373,0.46459,0.497,0.51035,35.04563,-9999,0,0,0,0,0.33596,0.34008,NA,NA,0.47786,NA,NA,NA,0,0,NA,NA,0,NA,NA,NA,NA
2013-11-26,2013,330,NA,NA,NA,NA,NA,NA,NA,NA,NA,NA,NA,NA,NA,NA,NA,NA,NA,NA,NA,NA,NA,NA,NA,NA,NA,0,0,0,0,0.33699,0.34013,NA,NA,0.47594,NA,NA,NA,0,0,NA,NA,0,NA,NA,NA,NA
2013-11-27,2013,331,NA,NA,NA,NA,NA,NA,NA,NA,NA,NA,NA,NA,NA,NA,NA,NA,NA,NA,NA,NA,NA,NA,NA,NA,NA,0,0,0,0,0.33891,0.34022,NA,NA,0.47239,NA,NA,NA,0,0,NA,NA,0,NA,NA,NA,NA
2013-11-28,2013,332,7,ibp_2013_11_28_133922.jpg,96.44156,71.99804,42.41963,0.34145,0.45737,91.55751,4.29225,66.24875,4.46209,37.04408,3.93801,0.33994,0.001,0.34027,0.34056,0.34096,0.47047,0.00918,0.46921,0.47482,0.48235,30.87208,-9999,0,0,0,0,0.33994,0.34027,NA,NA,0.47047,NA,NA,NA,0,0,NA,NA,0,NA,NA,NA,NA
2013-11-29,2013,333,NA,NA,NA,NA,NA,NA,NA,NA,NA,NA,NA,NA,NA,NA,NA,NA,NA,NA,NA,NA,NA,NA,NA,NA,NA,0,0,0,0,0.33921,0.33976,NA,NA,0.47102,NA,NA,NA,0,0,NA,NA,0,NA,NA,NA,NA
2013-11-30,2013,334,NA,NA,NA,NA,NA,NA,NA,NA,NA,NA,NA,NA,NA,NA,NA,NA,NA,NA,NA,NA,NA,NA,NA,NA,NA,0,0,0,0,0.33786,0.33883,NA,NA,0.47205,NA,NA,NA,0,0,NA,NA,0,NA,NA,NA,NA
2013-12-01,2013,335,23,ibp_2013_12_01_130652.jpg,86.6337,62.57722,36.72786,0.33655,0.46593,90.09112,6.44229,64.44261,6.31912,36.4856,4.91357,0.33713,0.00371,0.33832,0.33992,0.34067,0.4726,0.01244,0.47287,0.47798,0.48594,35.44012,-9999,0,0,0,0,0.33713,0.33832,NA,NA,0.4726,NA,NA,NA,0,0,NA,NA,0,NA,NA,NA,NA
2013-12-02,2013,336,NA,NA,NA,NA,NA,NA,NA,NA,NA,NA,NA,NA,NA,NA,NA,NA,NA,NA,NA,NA,NA,NA,NA,NA,NA,0,0,0,0,0.3368,0.33794,NA,NA,0.4707,NA,NA,NA,0,0,NA,NA,0,NA,NA,NA,NA
2013-12-03,2013,337,NA,NA,NA,NA,NA,NA,NA,NA,NA,NA,NA,NA,NA,NA,NA,NA,NA,NA,NA,NA,NA,NA,NA,NA,NA,0,0,0,0,0.33617,0.33723,NA,NA,0.46718,NA,NA,NA,0,0,NA,NA,0,NA,NA,NA,NA
2013-12-04,2013,338,33,ibp_2013_12_04_120922.jpg,96.29931,72.06748,43.46456,0.34021,0.4546,85.25008,7.19313,61.78459,6.43252,36.83163,8.16918,0.33584,0.0033,0.33685,0.33877,0.33974,0.46528,0.02951,0.47087,0.47725,0.49254,35.20919,-9999,0,0,0,0,0.33584,0.33685,NA,NA,0.46528,NA,NA,NA,0,0,NA,NA,0,NA,NA,NA,NA
2013-12-05,2013,339,NA,NA,NA,NA,NA,NA,NA,NA,NA,NA,NA,NA,NA,NA,NA,NA,NA,NA,NA,NA,NA,NA,NA,NA,NA,0,0,0,0,0.3353,0.3369,NA,NA,0.46938,NA,NA,NA,0,0,NA,NA,0,NA,NA,NA,NA
2013-12-06,2013,340,NA,NA,NA,NA,NA,NA,NA,NA,NA,NA,NA,NA,NA,NA,NA,NA,NA,NA,NA,NA,NA,NA,NA,NA,NA,0,0,0,0,0.33431,0.337,NA,NA,0.477,NA,NA,NA,0,0,NA,NA,0,NA,NA,NA,NA
2013-12-07,2013,341,22,ibp_2013_12_06_153151.jpg,94.52619,70.51305,43.23138,0.33856,0.45386,80.03079,9.51509,56.07763,9.87981,31.47225,7.74848,0.33377,0.00569,0.33705,0.33831,0.33857,0.4811,0.02206,0.47319,0.5006,0.51323,34.84867,-9999,0,0,0,0,0.33377,0.33705,NA,NA,0.4811,NA,NA,NA,0,0,NA,NA,0,NA,NA,NA,NA
2013-12-08,2013,342,NA,NA,NA,NA,NA,NA,NA,NA,NA,NA,NA,NA,NA,NA,NA,NA,NA,NA,NA,NA,NA,NA,NA,NA,NA,0,0,0,0,0.3341,0.33721,NA,NA,0.48035,NA,NA,NA,0,0,NA,NA,0,NA,NA,NA,NA
2013-12-09,2013,343,NA,NA,NA,NA,NA,NA,NA,NA,NA,NA,NA,NA,NA,NA,NA,NA,NA,NA,NA,NA,NA,NA,NA,NA,NA,0,0,0,0,0.3347,0.3375,NA,NA,0.47895,NA,NA,NA,0,0,NA,NA,0,NA,NA,NA,NA
2013-12-10,2013,344,34,ibp_2013_12_10_120325.jpg,79.68444,54.80782,29.71501,0.33377,0.48527,82.22777,9.38312,58.07931,9.52512,32.68078,7.32247,0.33503,0.00528,0.33766,0.33893,0.33948,0.4782,0.01919,0.47378,0.49528,0.50196,34.54118,-9999,0,0,0,0,0.33503,0.33766,NA,NA,0.4782,NA,NA,NA,0,0,NA,NA,0,NA,NA,NA,NA
2013-12-11,2013,345,NA,NA,NA,NA,NA,NA,NA,NA,NA,NA,NA,NA,NA,NA,NA,NA,NA,NA,NA,NA,NA,NA,NA,NA,NA,0,0,0,0,0.3356,0.33785,NA,NA,0.47511,NA,NA,NA,0,0,NA,NA,0,NA,NA,NA,NA
2013-12-12,2013,346,NA,NA,NA,NA,NA,NA,NA,NA,NA,NA,NA,NA,NA,NA,NA,NA,NA,NA,NA,NA,NA,NA,NA,NA,NA,0,0,0,0,0.33664,0.3382,NA,NA,0.46939,NA,NA,NA,0,0,NA,NA,0,NA,NA,NA,NA
2013-12-13,2013,347,21,ibp_2013_12_13_120130.jpg,85.1544,60.80611,34.59539,0.33677,0.47162,86.88767,6.76784,63.02287,6.60335,36.83235,4.94174,0.33721,0.0034,0.33839,0.33934,0.33968,0.4663,0.01083,0.46499,0.47162,0.47976,34.24221,-9999,0,0,0,0,0.33721,0.33839,NA,NA,0.4663,NA,NA,NA,0,0,NA,NA,0,NA,NA,NA,NA
2013-12-14,2013,348,NA,NA,NA,NA,NA,NA,NA,NA,NA,NA,NA,NA,NA,NA,NA,NA,NA,NA,NA,NA,NA,NA,NA,NA,NA,0,0,0,0,0.33673,0.33844,NA,NA,0.46947,NA,NA,NA,0,0,NA,NA,0,NA,NA,NA,NA
2013-12-15,2013,349,NA,NA,NA,NA,NA,NA,NA,NA,NA,NA,NA,NA,NA,NA,NA,NA,NA,NA,NA,NA,NA,NA,NA,NA,NA,0,0,0,0,0.33583,0.33855,NA,NA,0.47534,NA,NA,NA,0,0,NA,NA,0,NA,NA,NA,NA
2013-12-16,2013,350,35,ibp_2013_12_16_120117.jpg,74.08635,49.9511,26.08389,0.33274,0.49351,81.6449,10.2678,57.74915,10.29921,32.38429,7.72705,0.33535,0.00545,0.3386,0.34008,0.34041,0.47851,0.0201,0.47188,0.49406,0.50472,34.13327,-9999,0,0,0,0,0.33535,0.3386,NA,NA,0.47851,NA,NA,NA,0,0,NA,NA,0,NA,NA,NA,NA
2013-12-17,2013,351,NA,NA,NA,NA,NA,NA,NA,NA,NA,NA,NA,NA,NA,NA,NA,NA,NA,NA,NA,NA,NA,NA,NA,NA,NA,0,0,0,0,0.33509,0.3376,NA,NA,0.47871,NA,NA,NA,0,0,NA,NA,0,NA,NA,NA,NA
2013-12-18,2013,352,NA,NA,NA,NA,NA,NA,NA,NA,NA,NA,NA,NA,NA,NA,NA,NA,NA,NA,NA,NA,NA,NA,NA,NA,NA,0,0,0,0,0.33459,0.33576,NA,NA,0.47908,NA,NA,NA,0,0,NA,NA,0,NA,NA,NA,NA
2013-12-19,2013,353,34,ibp_2013_12_19_120110.jpg,75.6878,51.82235,27.76989,0.33373,0.48743,80.29024,8.30603,56.3969,8.33681,31.72138,6.70193,0.33433,0.005,0.33476,0.33793,0.33992,0.47928,0.02002,0.47716,0.4897,0.50294,34.02638,-9999,0,0,0,0,0.33433,0.33476,NA,NA,0.47928,NA,NA,NA,0,0,NA,NA,0,NA,NA,NA,NA
2013-12-20,2013,354,NA,NA,NA,NA,NA,NA,NA,NA,NA,NA,NA,NA,NA,NA,NA,NA,NA,NA,NA,NA,NA,NA,NA,NA,NA,0,0,0,0,0.33423,0.33468,NA,NA,0.47801,NA,NA,NA,0,0,NA,NA,0,NA,NA,NA,NA
2013-12-21,2013,355,NA,NA,NA,NA,NA,NA,NA,NA,NA,NA,NA,NA,NA,NA,NA,NA,NA,NA,NA,NA,NA,NA,NA,NA,NA,0,0,0,0,0.33404,0.33452,NA,NA,0.47565,NA,NA,NA,0,0,NA,NA,0,NA,NA,NA,NA
2013-12-22,2013,356,27,ibp_2013_12_22_120133.jpg,73.39696,49.93432,26.67818,0.33287,0.48928,79.13518,8.73708,56.12767,8.89909,32.49001,7.03666,0.33394,0.0052,0.33444,0.33907,0.3399,0.47438,0.01948,0.47091,0.48832,0.4996,33.99908,-9999,0,0,0,0,0.33394,0.33444,NA,NA,0.47438,NA,NA,NA,0,0,NA,NA,0,NA,NA,NA,NA
2013-12-23,2013,357,NA,NA,NA,NA,NA,NA,NA,NA,NA,NA,NA,NA,NA,NA,NA,NA,NA,NA,NA,NA,NA,NA,NA,NA,NA,0,0,0,0,0.33412,0.3345,NA,NA,0.47626,NA,NA,NA,0,0,NA,NA,0,NA,NA,NA,NA
2013-12-24,2013,358,NA,NA,NA,NA,NA,NA,NA,NA,NA,NA,NA,NA,NA,NA,NA,NA,NA,NA,NA,NA,NA,NA,NA,NA,NA,0,0,0,0,0.33447,0.33462,NA,NA,0.47975,NA,NA,NA,0,0,NA,NA,0,NA,NA,NA,NA
2013-12-25,2013,359,34,ibp_2013_12_25_120922.jpg,73.42208,48.93469,24.95277,0.33219,0.49842,78.99928,8.60149,55.27512,8.65279,30.5781,6.48579,0.33465,0.00485,0.33468,0.33882,0.34001,0.48163,0.01764,0.48432,0.49321,0.49916,34.07718,-9999,0,0,0,0,0.33465,0.33468,NA,NA,0.48163,NA,NA,NA,0,0,NA,NA,0,NA,NA,NA,NA
2013-12-26,2013,360,NA,NA,NA,NA,NA,NA,NA,NA,NA,NA,NA,NA,NA,NA,NA,NA,NA,NA,NA,NA,NA,NA,NA,NA,NA,0,0,0,0,0.33437,0.33452,NA,NA,0.48178,NA,NA,NA,0,0,NA,NA,0,NA,NA,NA,NA
2013-12-27,2013,361,NA,NA,NA,NA,NA,NA,NA,NA,NA,NA,NA,NA,NA,NA,NA,NA,NA,NA,NA,NA,NA,NA,NA,NA,NA,0,0,0,0,0.33386,0.33424,NA,NA,0.48205,NA,NA,NA,0,0,NA,NA,0,NA,NA,NA,NA
2013-12-28,2013,362,35,ibp_2013_12_28_120116.jpg,76.43542,52.452,28.0167,0.33429,0.48715,79.35485,8.56571,55.23302,8.28937,30.72088,6.15585,0.33358,0.00482,0.33408,0.33795,0.33934,0.4822,0.01626,0.48288,0.49121,0.5073,34.2204,-9999,0,0,0,0,0.33358,0.33408,NA,NA,0.4822,NA,NA,NA,0,0,NA,NA,0,NA,NA,NA,NA
2013-12-29,2013,363,NA,NA,NA,NA,NA,NA,NA,NA,NA,NA,NA,NA,NA,NA,NA,NA,NA,NA,NA,NA,NA,NA,NA,NA,NA,0,0,0,0,0.33398,0.33468,NA,NA,0.48193,NA,NA,NA,0,0,NA,NA,0,NA,NA,NA,NA
2013-12-30,2013,364,NA,NA,NA,NA,NA,NA,NA,NA,NA,NA,NA,NA,NA,NA,NA,NA,NA,NA,NA,NA,NA,NA,NA,NA,NA,0,0,0,0,0.33472,0.33576,NA,NA,0.48147,NA,NA,NA,0,0,NA,NA,0,NA,NA,NA,NA
2013-12-31,2013,365,32,ibp_2013_12_31_120922.jpg,76.78982,53.35067,28.73555,0.3358,0.48333,77.51163,8.3324,54.33195,8.38021,29.98042,6.22931,0.33511,0.00486,0.33626,0.3392,0.34022,0.48131,0.01684,0.48421,0.48889,0.50918,34.39397,-9999,0,0,0,0,0.33511,0.33626,NA,NA,0.48131,NA,NA,NA,0,0,NA,NA,0,NA,NA,NA,NA
2014-01-01,2014,1,NA,NA,NA,NA,NA,NA,NA,NA,NA,NA,NA,NA,NA,NA,NA,NA,NA,NA,NA,NA,NA,NA,NA,NA,NA,0,0,0,0,0.3351,0.33596,NA,NA,0.48165,NA,NA,NA,0,0,NA,NA,0,NA,NA,NA,NA
2014-01-02,2014,2,22,ibp_2014_01_02_120116.jpg,76.50565,53.03945,28.54853,0.33549,0.48393,77.44147,8.12351,54.17323,8.0907,29.77785,5.97259,0.33508,0.0046,0.33566,0.33922,0.34015,0.48198,0.01603,0.48441,0.49093,0.50632,34.60426,-9999,0,0,0,0,0.33508,0.33566,NA,NA,0.48198,NA,NA,NA,0,0,NA,NA,0,NA,NA,NA,NA
2014-01-03,2014,3,NA,NA,NA,NA,NA,NA,NA,NA,NA,NA,NA,NA,NA,NA,NA,NA,NA,NA,NA,NA,NA,NA,NA,NA,NA,0,0,0,0,0.33476,0.33546,NA,NA,0.48149,NA,NA,NA,0,0,NA,NA,0,NA,NA,NA,NA
2014-01-04,2014,4,NA,NA,NA,NA,NA,NA,NA,NA,NA,NA,NA,NA,NA,NA,NA,NA,NA,NA,NA,NA,NA,NA,NA,NA,NA,0,0,0,0,0.33417,0.33524,NA,NA,0.4804,NA,NA,NA,0,0,NA,NA,0,NA,NA,NA,NA
2014-01-05,2014,5,35,ibp_2014_01_05_120112.jpg,70.87465,46.78405,23.90203,0.33049,0.50067,78.43874,7.71521,54.89777,7.8099,30.85324,6.05144,0.33385,0.00439,0.33514,0.33688,0.33961,0.4798,0.01676,0.47832,0.48908,0.50409,34.93807,-9999,0,0,0,0,0.33385,0.33514,NA,NA,0.4798,NA,NA,NA,0,0,NA,NA,0,NA,NA,NA,NA
2014-01-06,2014,6,NA,NA,NA,NA,NA,NA,NA,NA,NA,NA,NA,NA,NA,NA,NA,NA,NA,NA,NA,NA,NA,NA,NA,NA,NA,0,0,0,0,0.33372,0.33494,NA,NA,0.48166,NA,NA,NA,0,0,NA,NA,0,NA,NA,NA,NA
2014-01-07,2014,7,NA,NA,NA,NA,NA,NA,NA,NA,NA,NA,NA,NA,NA,NA,NA,NA,NA,NA,NA,NA,NA,NA,NA,NA,NA,0,0,0,0,0.33349,0.33456,NA,NA,0.48511,NA,NA,NA,0,0,NA,NA,0,NA,NA,NA,NA
2014-01-08,2014,8,30,ibp_2014_01_08_120117.jpg,78.5888,55.1526,30.14863,0.33652,0.47952,76.19633,6.87923,52.41155,6.7415,28.37943,4.94824,0.33336,0.00487,0.33436,0.33676,0.34004,0.48697,0.01623,0.48498,0.49437,0.51375,35.31475,-9999,0,0,0,0,0.33336,0.33436,NA,NA,0.48697,NA,NA,NA,0,0,NA,NA,0,NA,NA,NA,NA
2014-01-09,2014,9,NA,NA,NA,NA,NA,NA,NA,NA,NA,NA,NA,NA,NA,NA,NA,NA,NA,NA,NA,NA,NA,NA,NA,NA,NA,0,0,0,0,0.33389,0.33525,NA,NA,0.48532,NA,NA,NA,0,0,NA,NA,0,NA,NA,NA,NA
2014-01-10,2014,10,NA,NA,NA,NA,NA,NA,NA,NA,NA,NA,NA,NA,NA,NA,NA,NA,NA,NA,NA,NA,NA,NA,NA,NA,NA,0,0,0,0,0.33486,0.33691,NA,NA,0.48225,NA,NA,NA,0,0,NA,NA,0,NA,NA,NA,NA
2014-01-11,2014,11,34,ibp_2014_01_11_120116.jpg,79.18072,56.22581,31.10963,0.33766,0.47551,79.1911,8.49874,55.63496,8.50885,30.74863,6.32611,0.33539,0.00521,0.3378,0.3396,0.34063,0.4806,0.01726,0.47771,0.48968,0.50804,35.76406,-9999,0,0,0,0,0.33539,0.3378,NA,NA,0.4806,NA,NA,NA,0,0,NA,NA,0,NA,NA,NA,NA
2014-01-12,2014,12,NA,NA,NA,NA,NA,NA,NA,NA,NA,NA,NA,NA,NA,NA,NA,NA,NA,NA,NA,NA,NA,NA,NA,NA,NA,0,0,0,0,0.33554,0.33773,NA,NA,0.48031,NA,NA,NA,0,0,NA,NA,0,NA,NA,NA,NA
2014-01-13,2014,13,NA,NA,NA,NA,NA,NA,NA,NA,NA,NA,NA,NA,NA,NA,NA,NA,NA,NA,NA,NA,NA,NA,NA,NA,NA,0,0,0,0,0.3358,0.33761,NA,NA,0.47979,NA,NA,NA,0,0,NA,NA,0,NA,NA,NA,NA
2014-01-14,2014,14,34,ibp_2014_01_14_120126.jpg,77.1745,54.35562,30.06544,0.33637,0.47758,77.5749,7.74356,54.63894,7.58529,30.1787,5.46252,0.33595,0.0043,0.33754,0.33903,0.34046,0.4795,0.01446,0.47697,0.48498,0.49954,36.29774,-9999,0,0,0,0,0.33595,0.33754,NA,NA,0.4795,NA,NA,NA,0,0,NA,NA,0,NA,NA,NA,NA
2014-01-15,2014,15,NA,NA,NA,NA,NA,NA,NA,NA,NA,NA,NA,NA,NA,NA,NA,NA,NA,NA,NA,NA,NA,NA,NA,NA,NA,0,0,0,0,0.33631,0.33782,NA,NA,0.47834,NA,NA,NA,0,0,NA,NA,0,NA,NA,NA,NA
2014-01-16,2014,16,NA,NA,NA,NA,NA,NA,NA,NA,NA,NA,NA,NA,NA,NA,NA,NA,NA,NA,NA,NA,NA,NA,NA,NA,NA,0,0,0,0,0.33699,0.33834,NA,NA,0.4762,NA,NA,NA,0,0,NA,NA,0,NA,NA,NA,NA
2014-01-17,2014,17,32,ibp_2014_01_17_120110.jpg,78.77218,56.17904,31.30619,0.3379,0.4738,79.4006,7.40688,56.65481,7.35734,31.6787,5.50493,0.33735,0.00372,0.33862,0.33987,0.34105,0.47504,0.01418,0.47226,0.48206,0.49801,36.90222,-9999,0,0,0,0,0.33735,0.33862,NA,NA,0.47504,NA,NA,NA,0,0,NA,NA,0,NA,NA,NA,NA
2014-01-18,2014,18,NA,NA,NA,NA,NA,NA,NA,NA,NA,NA,NA,NA,NA,NA,NA,NA,NA,NA,NA,NA,NA,NA,NA,NA,NA,0,0,0,0,0.33696,0.33833,NA,NA,0.47697,NA,NA,NA,0,0,NA,NA,0,NA,NA,NA,NA
2014-01-19,2014,19,NA,NA,NA,NA,NA,NA,NA,NA,NA,NA,NA,NA,NA,NA,NA,NA,NA,NA,NA,NA,NA,NA,NA,NA,NA,0,0,0,0,0.33624,0.3378,NA,NA,0.48054,NA,NA,NA,0,0,NA,NA,0,NA,NA,NA,NA
2014-01-20,2014,20,33,ibp_2014_01_20_120204.jpg,80.91136,57.81834,32.43546,0.33779,0.47271,78.11936,7.92329,54.78837,8.10283,29.9142,6.25385,0.33585,0.00495,0.33751,0.33961,0.33988,0.48247,0.02026,0.47487,0.49413,0.51573,37.59602,-9999,0,0,0,0,0.33585,0.33751,NA,NA,0.48247,NA,NA,NA,0,0,NA,NA,0,NA,NA,NA,NA
2014-01-21,2014,21,NA,NA,NA,NA,NA,NA,NA,NA,NA,NA,NA,NA,NA,NA,NA,NA,NA,NA,NA,NA,NA,NA,NA,NA,NA,0,0,0,0,0.33556,0.33711,NA,NA,0.48262,NA,NA,NA,0,0,NA,NA,0,NA,NA,NA,NA
2014-01-22,2014,22,NA,NA,NA,NA,NA,NA,NA,NA,NA,NA,NA,NA,NA,NA,NA,NA,NA,NA,NA,NA,NA,NA,NA,NA,NA,0,0,0,0,0.33503,0.33636,NA,NA,0.48289,NA,NA,NA,0,0,NA,NA,0,NA,NA,NA,NA
2014-01-23,2014,23,31,ibp_2014_01_23_120254.jpg,82.13259,58.1481,32.96571,0.33564,0.47408,77.68064,7.49393,54.22652,7.88776,29.81254,6.57266,0.33474,0.00447,0.33596,0.33834,0.33976,0.48304,0.02131,0.48139,0.49626,0.51215,38.29133,-9999,0,0,0,0,0.33474,0.33596,NA,NA,0.48304,NA,NA,NA,0,0,NA,NA,0,NA,NA,NA,NA
2014-01-24,2014,24,NA,NA,NA,NA,NA,NA,NA,NA,NA,NA,NA,NA,NA,NA,NA,NA,NA,NA,NA,NA,NA,NA,NA,NA,NA,0,0,0,0,0.33504,0.33652,NA,NA,0.48232,NA,NA,NA,0,0,NA,NA,0,NA,NA,NA,NA
2014-01-25,2014,25,NA,NA,NA,NA,NA,NA,NA,NA,NA,NA,NA,NA,NA,NA,NA,NA,NA,NA,NA,NA,NA,NA,NA,NA,NA,0,0,0,0,0.33559,0.33757,NA,NA,0.48098,NA,NA,NA,0,0,NA,NA,0,NA,NA,NA,NA
2014-01-26,2014,26,32,ibp_2014_01_26_120133.jpg,59.86675,36.84306,16.97655,0.32408,0.5266,78.78223,9.10418,55.70774,9.77974,30.9106,7.91256,0.33589,0.00605,0.33813,0.34051,0.34183,0.48026,0.02506,0.47247,0.49609,0.51809,39.0378,-9999,0,0,0,0,0.33589,0.33813,NA,NA,0.48026,NA,NA,NA,0,0,NA,NA,0,NA,NA,NA,NA
2014-01-27,2014,27,NA,NA,NA,NA,NA,NA,NA,NA,NA,NA,NA,NA,NA,NA,NA,NA,NA,NA,NA,NA,NA,NA,NA,NA,NA,0,0,0,0,0.33515,0.33718,NA,NA,0.48245,NA,NA,NA,0,0,NA,NA,0,NA,NA,NA,NA
2014-01-28,2014,28,NA,NA,NA,NA,NA,NA,NA,NA,NA,NA,NA,NA,NA,NA,NA,NA,NA,NA,NA,NA,NA,NA,NA,NA,NA,0,0,0,0,0.33377,0.33542,NA,NA,0.48652,NA,NA,NA,0,0,NA,NA,0,NA,NA,NA,NA
2014-01-29,2014,29,30,ibp_2014_01_29_120112.jpg,58.92544,36.13992,16.74161,0.32323,0.52703,76.44671,9.96132,52.63581,9.65019,28.51902,7.01656,0.33303,0.00615,0.33447,0.33866,0.33983,0.48871,0.02193,0.4799,0.50586,0.52661,39.83908,-9999,0,0,0,0,0.33303,0.33447,NA,NA,0.48871,NA,NA,NA,0,0,NA,NA,0,NA,NA,NA,NA
2014-01-30,2014,30,NA,NA,NA,NA,NA,NA,NA,NA,NA,NA,NA,NA,NA,NA,NA,NA,NA,NA,NA,NA,NA,NA,NA,NA,NA,0,0,0,0,0.33316,0.33441,NA,NA,0.4857,NA,NA,NA,0,0,NA,NA,0,NA,NA,NA,NA
2014-01-31,2014,31,NA,NA,NA,NA,NA,NA,NA,NA,NA,NA,NA,NA,NA,NA,NA,NA,NA,NA,NA,NA,NA,NA,NA,NA,NA,0,0,0,0,0.33339,0.33428,NA,NA,0.4801,NA,NA,NA,0,0,NA,NA,0,NA,NA,NA,NA
2014-02-01,2014,32,26,ibp_2014_02_01_113921.jpg,79.02042,53.26056,28.66914,0.33091,0.49096,78.65929,9.57356,55.49859,9.46956,31.89789,7.88815,0.33352,0.00508,0.33422,0.33726,0.33953,0.47709,0.02542,0.47744,0.48909,0.51231,40.68937,-9999,0,0,0,0,0.33352,0.33422,NA,NA,0.47709,NA,NA,NA,0,0,NA,NA,0,NA,NA,NA,NA
2014-02-02,2014,33,NA,NA,NA,NA,NA,NA,NA,NA,NA,NA,NA,NA,NA,NA,NA,NA,NA,NA,NA,NA,NA,NA,NA,NA,NA,0,0,0,0,0.33234,0.33288,NA,NA,0.48375,NA,NA,NA,0,0,NA,NA,0,NA,NA,NA,NA
2014-02-03,2014,34,NA,NA,NA,NA,NA,NA,NA,NA,NA,NA,NA,NA,NA,NA,NA,NA,NA,NA,NA,NA,NA,NA,NA,NA,NA,0,0,0,0,0.32997,0.3302,NA,NA,0.49707,NA,NA,NA,0,0,NA,NA,0,NA,NA,NA,NA
2014-02-04,2014,35,1,ibp_2014_02_03_103440.jpg,66.01927,42.72958,21.4502,0.32819,0.50706,66.01927,0,42.72958,0,21.4502,0,0.32819,0,0.32819,0.32819,0.32819,0.50706,0,0.50706,0.50706,0.50706,34.81089,-9999,0,0,0,0,0.32819,0.32819,NA,NA,0.50706,NA,NA,NA,0,0,NA,NA,0,NA,NA,NA,NA
